21418086
22089058
9986746
25294112
23765702
17119349
8605638
9402261
17258486
27005936
24695986
12676008
11971760
22184969
16363371
21540340
8921246
24268032
12683929
15497929
8645587
8345481
16890240
23143794
10391686
7821370
10224058
20359743
20060584
8867813
18557954
10533163
8556580
20384901
30133616
28452958
10867826
21932191
1957026
10027627
15004438
3474238
23621815
7918239
23554457
21854459
18554282
18269192
7703954
22118839
24782449
19930425
10329356
9433928
22700358
16774841
24305966
11577177
11389678
24982243
7703524
30582279
7589259
12153635
9483304
27989455
24077247
7613621
10793622
23477905
25056434
18188013
20934750
20015203
9195805
29652915
8841808
28958132
9645358
7521676
24606818
14561155
25577554
24464789
16880228
20452670
10767720
21167598
9082500
22882964
22571259
24533825
7623321
21199328
23913860
11750954
23696542
24829218
18095652
12617792
18262231
9673387
21147820
15507895
29555826
16162682
15508185
15974960
12053453
28495868
17137622
17905750
8280080
12201808
25231818
15375341
11095924
23653427
21902814
17337476
18812421
16139411
27742777
