22238174
21418086
24219734
26177977
9737937
26188349
29125826
16401677
20395176
16571645
27185657
25788370
22564726
15126918
24665826
24603967
12010506
25224934
20458440
16675968
25287281
24349168
24099470
27464733
15890798
19729016
23457493
10635028
25575785
23483898
28299729
16034612
21083697
23554969
19213777
7544332
9213429
22519451
29961039
28762232
24161715
26860065
28665955
7827749
25196678
27704718
18849019
25115462
11772236
16896935
21354273
20888056
28329269
28150733
7807964
18194448
10603653
10216094
25910275
25841900
15979363
26899371
30261069
22791767
22365843
16445697
27046748
25840994
28436487
12912854
27649066
22241901
15623931
27068509
12759727
28374486
17555811
7551560
25987425
18702016
11428169
30328655
23047299
29457531
28977471
16230310
15201662
15280429
30019784
9986746
19393189
24603819
23000167
8314313
29302336
25294112
26487698
19773286
11592104
20081226
24574137
21185415
23902689
7662169
27104887
11998991
21276574
3076044
30629053
7938346
19538825
14755245
23765702
14593234
26856544
18791266
17956242
19019167
30225958
28371893
29436257
17981786
17655843
11089569
7556571
9925371
17493602
26965792
16452123
17974429
19701935
18955663
24030926
30262158
8682057
17119349
28624291
28430357
26035864
23670877
11264572
9205552
19459152
26940365
15307819
12023876
8605638
19298284
22262048
19460403
18629021
23731188
9274620
24154706
20823114
15141380
17189531
9402261
8726864
3943660
29601579
21605624
22364165
16387953
30537746
18307742
18359077
1714254
9894250
26820361
12486490
22523556
29695130
25674159
22467439
16107767
24075964
7528824
18373336
15245912
28250354
9274529
25795916
8607863
16354158
19580648
17965830
27060978
26924269
24064976
21480082
10775672
20642811
17373910
26886920
15526242
24093773
24587395
17537400
15640253
10535707
16415495
11315099
23852693
17258486
23023368
27264108
24046351
23223222
20846107
18239051
27179976
30019109
15061349
27391064
27005936
10188896
12025461
26362859
27471094
18639630
19583711
23144859
23639553
20843437
27635058
25677837
28513656
15655333
14996436
11145925
26608260
28606962
23261354
27352824
26312857
20518852
12683235
15471977
21779330
16930512
18184111
23573348
24695986
29593116
23845797
21453480
12837923
24367771
10736063
10491321
29020257
22436799
30315331
29421351
15501589
29856896
29679615
20041033
24429385
21900321
15784120
20300191
16405457
10566004
20926012
10028891
10229672
20012165
15648605
18364034
12676008
9198134
10815629
27763655
27038741
17223738
20597997
24223098
22718308
28957531
21392511
21900960
15763438
27286674
28884865
18498543
15630367
11971760
8698454
22280423
19258040
25751394
7541812
16374453
12375269
25541636
18281088
26239655
23398532
9059141
18184756
19126201
16675485
23278963
26285645
15182385
25042645
27838414
15056218
10886813
16046515
12049638
20345368
23342920
27481581
9476583
28123055
11096193
16091016
21831044
8242936
23754570
11007134
30008265
18045687
16363371
14984764
28053001
21540340
8921246
29935061
16109099
18805052
17990014
21429937
29704321
22623163
30293527
23786998
16470362
16870952
24400815
11054640
17236465
14667201
19282346
28862768
21481007
23409729
1392165
18454393
26090916
24568197
12270061
8694289
22406112
18724844
1396856
25133674
11028671
10347120
12683929
26832174
16843526
25619257
19207983
14600124
17412577
24813154
22207324
27339799
24893666
10224366
9067831
27418555
24674459
21678108
26493794
15497929
29870552
8645587
26645414
23958517
16461931
23018246
18774289
27836774
12928693
15500826
19954229
16546322
16890240
16108064
28827627
20142958
25673296
17120791
22155623
23143794
16023836
24773528
28141873
10391686
16968549
30235481
15692257
21649738
9685651
17603917
15252132
18996047
24592193
27471206
16931550
14600270
28346421
27759879
27314046
22006671
30693469
27140334
24987156
15102003
16406506
18852252
28987032
29765702
11750034
7821370
18262347
20428444
22397627
16297165
26926600
23207452
17618273
10224058
17703601
18234554
8281964
20872264
8880452
8503839
27079765
15385961
16426593
8281955
10743502
11792075
12162724
26335442
8846931
15574344
24445320
14987229
24218041
10930320
28933415
22505883
17555561
18505793
12123778
18284641
24555014
25652465
22340635
12455721
16645407
7662168
16242359
16360129
25536182
12456318
11929485
29028807
18720094
24602133
30383775
28946878
18353489
15953246
12190939
17063438
22181043
21707759
20060584
15202828
9375379
27090739
30060141
15295718
7636298
26791370
9849413
20537189
20595143
23116239
8867813
28369744
25974177
10233309
11169467
20407445
15008974
17227236
21330293
16309954
16967051
15115333
20931338
15785316
9678429
30410060
17343875
20027185
26818565
12539335
10533163
22972894
12200455
22658609
21908647
16420416
15538733
16207317
19200050
22705941
20384901
30133616
27374750
20555001
20367975
15146583
22835810
14751742
12534589
28452958
28701504
26260798
19931388
21755675
25460035
17697160
12879061
16396978
22237583
29465351
28819366
8705761
25121600
18343963
28748762
21932191
25889587
25040055
16402918
12226664
11522023
18279996
18996041
21557752
16875494
8781219
30207395
19141302
28290548
16472240
22938918
9789112
29385432
1957026
23073918
23708000
29242170
10505055
22119609
25744306
25529509
28618427
19539365
12392035
24469063
14678251
7648224
12452868
21205293
25955839
18177476
9415995
7685960
2197030
23584980
21777602
10541570
29633266
9854310
22319205
9563104
30431436
30032282
23430124
30411499
3474238
23621815
15509674
27659148
22745041
24611063
21418148
7918239
23841699
30202513
9072013
9723958
19748582
28163306
16311904
23238588
25661250
8406675
23554457
15819978
19953096
16173924
15095483
15841311
23248239
25907862
11813883
30165600
18782908
30013740
25786641
16126751
15862171
16202037
23245384
10618162
27835899
24799390
21712488
27870871
18644234
23236386
25766369
23095556
28364044
17537779
28695473
14968124
30601807
21565832
12708883
19040616
28553543
21615773
7538096
7767892
15734895
15818386
12924823
29024417
15705098
18554282
30029031
25665362
16968233
20334573
26837596
14659801
21366833
7619071
8911711
21479344
21285291
12645293
17083473
19764901
19240282
19020352
7668897
15290345
15183075
20864282
22118839
8064688
23090508
16842882
19893117
9155579
24782449
19068028
19930425
10329356
20678474
14646561
19604240
19561339
12841632
16492137
26008115
19006025
19309351
25694587
26542796
11697885
30397172
19040711
19452443
23231415
21982799
24551460
19746242
1319521
11895494
12692840
12085210
12856000
28333699
19080775
12827455
8570913
10231417
10543306
27940195
9237026
10629546
24969654
25432094
9550873
25556358
11687291
29656960
29752166
26340034
29763974
15863640
22435995
28806488
18978350
9433928
29701666
22519563
26556551
28095649
11805834
20708611
15546965
20621195
19590187
2160805
1599390
3065703
12056512
8782135
8482730
24990180
9464653
23947778
26491228
25907046
27009176
25616779
11682610
2050562
19444761
11384099
22103498
9493652
23812578
20163454
15644118
18768572
11173626
28192468
10711252
18469024
26025393
27415834
21175899
24305966
28054419
9059310
11577177
27109824
15240842
25725809
12947136
11389678
21292788
22700194
9202219
10906783
11985658
17210741
12950237
23331101
17728181
22380618
29713350
15293612
15451073
25199436
17412866
28740514
25225101
22620672
23077567
30531869
8092999
17598647
17493236
24982243
7703524
19218812
26240819
18294724
17979884
21937601
29373656
17412405
7589259
29463024
29127860
23588377
24833797
28305967
27255356
19930861
25060386
12713442
15066202
11260245
30419600
26853916
9483304
20936527
24506800
24760388
1554530
28878953
28819304
27663298
15459131
12589728
14612884
18296491
11012602
10451487
28242454
27989455
20008031
24077247
1815006
21576412
16021525
21540997
10460217
29042658
23666250
27101406
28508565
26370612
25545115
24481829
11814314
10712674
1645488
23183322
30267451
30040870
22079283
24067352
10068481
26549403
19346587
26747277
8682059
19267929
25842134
27629364
8950585
7613621
30165197
25956994
12271352
19726547
12972549
22766540
10996602
10793622
21199160
21931601
9516897
26088447
30755628
23477905
16687469
2556447
21037321
24622730
20557403
17608806
24650971
18722681
25056434
18188013
24722402
20489058
12702469
16041692
22719856
25948407
27595237
18848571
27441395
27118293
26392342
15970445
23159731
19110248
28938008
24340021
9573366
27905066
26311501
9703888
20015203
16115464
30480427
24665102
23377028
10490358
24156403
28988892
11082920
28582477
26779482
20560960
15992468
10209491
29893146
18448164
18282143
21455703
24639064
9804259
18470596
17927583
11143998
20810141
1842436
26657013
20552716
18338818
15681498
25929803
15063356
24303899
19302253
18056757
8805812
18218680
28698228
1280922
19185348
23620698
28863189
9822200
16543619
26177604
29708036
27510797
21461665
12006099
21106552
24438519
29455466
27114889
21428178
25823219
10377203
18704490
16406721
8514872
15679122
21950462
22367478
9442442
27553639
14767007
7697623
17105852
24743169
19022820
12891002
4077883
25505010
15375588
10928953
29729633
27247422
19908201
24681713
16443269
23334911
17678883
9195805
24724725
10505069
11928819
29953488
22180604
29293552
18632833
15200344
29664192
17641410
20685740
7976132
22733805
29652915
8841808
22817606
27941938
17224022
29476359
17968320
28369879
30660615
6326663
14738472
15610532
20388121
28761684
21595824
25460290
11810274
29115927
17581226
12799215
21699692
12667955
26601802
26387558
30183743
26795571
19632213
21606076
22194945
7686110
17526509
28958132
9237032
16313955
20588005
17763951
14674934
29211034
28468315
28173838
23720497
16872556
22519446
11710834
18072029
9516128
7521676
21960174
16918975
25322877
24518140
25739356
24606818
14710362
10452285
9924344
17069927
18182077
7722524
14561155
29016715
25577554
24464789
19059703
19050008
26597728
23348921
30367951
22638995
27720349
15105042
20602768
19015735
25076423
24896734
24685074
22967148
21899859
7518598
16246063
26619948
15020515
25929748
22260784
19592334
24363359
12782145
18684398
23455471
15130034
11733182
17845997
29379010
17327274
9303281
10508658
19842110
30196447
9413186
20452670
27142241
25329658
11454044
24532398
10233307
19849841
9852242
10767720
18358427
24166068
15691648
23782578
21167598
11840172
20619343
9227364
17137503
18257838
9082500
9306963
9808342
7496500
25517099
19593952
21054675
22882433
11589144
2806122
22199358
29615815
22882964
20852404
27257021
20935575
29167509
22952092
20642475
12919869
17556008
15199098
20186923
24533825
26445099
19515067
15617575
15306177
16333360
15506989
9831957
24863570
25982959
12372136
24130190
26063524
7623321
9496252
26045877
17283905
22072426
21199328
18588727
11082129
23936678
12952186
14754404
27198765
23913860
15584901
22686699
8646429
29292398
19288028
18992302
22458450
30458865
10959823
28834088
11750954
11028764
3068013
16133543
16434095
25300351
16443501
14985070
23940598
11793374
24237365
11236132
16716396
23495048
21885032
23612611
27974233
11285119
2677536
18022774
30237127
29893478
25563468
23044097
28846936
10692869
12957150
14516131
11289654
18062794
10706506
12502191
26377738
28608951
12010642
19397914
16546560
18541523
23139380
29533760
23049084
25879701
19686870
24829218
1329915
18095652
10963998
10959408
18029162
12617792
16030052
8268758
16623785
23207731
12323180
19160486
29880066
18930122
24112857
15990918
17118216
20608975
17721609
25200283
12706368
26661692
16697175
19147452
10233668
27600527
15790379
14756248
17899219
26353593
27624357
2176152
22053695
7692765
20618774
29615673
25156650
26392871
23095709
27039901
25015208
12081196
20500603
18262231
26248878
30390648
27820156
8835847
19508460
26446403
14635802
9673387
17889582
9157241
21147820
8907541
22291969
29079731
23960284
11967826
21424123
26855760
12403873
10826705
16827748
25587045
20573231
15507895
21938677
19273372
29555826
16393247
27782356
10953005
21042739
21497739
15111767
16162682
15508185
17160618
11440360
26829555
26038533
19284504
22653770
23771947
16755991
28348258
14643899
15043707
8095623
17303130
12053453
26323721
16787167
21039988
16431343
29168660
23524300
28495868
16205625
24591669
18705695
25089553
17339837
8492742
7717528
16026148
19432821
19935792
19906188
12752601
17137622
9154526
17650176
22854039
28667737
28374979
9870768
11563986
27211321
22469108
19508332
24773508
22042737
27126736
17905750
23667187
10731089
23284897
20698845
23807291
16011545
8280080
11264711
24886452
19641294
12566110
9718371
27543695
27599751
27141932
16719766
22454409
27091952
14656409
27771340
24859313
30457356
19773754
22706112
25773735
1294570
26612622
1877856
23863197
18951930
23682108
28032468
27804885
11241422
8910799
28757056
1794314
12629868
1792187
24838661
23332208
21308992
12201808
7925969
25231818
20109185
19659898
15375341
11095924
23653427
8838371
23813847
19542195
21902814
7482394
18037882
17547469
9162605
16161453
8967956
23279004
17346673
25014552
15047951
14735194
29462238
15857930
21635814
24843046
20865019
24692173
30509340
18720445
27647937
3940231
26932377
9428341
28049736
16487543
19365806
17949416
30521860
20232238
22417655
23910946
9459152
20413357
1655541
21790971
21524278
17020541
10951407
22184970
14624704
22240510
28150849
24531128
21245951
28772035
19681796
20666994
27742777
23579290
20676060
20387699
9099976
27876801
18365875
21622965
23271042
29022895
28429960
28807411
