22238174
21418086
26891268
29024514
24219734
26177977
24765565
9737937
26188349
9387040
29125826
16401677
21163395
20395176
16571645
27185657
25788370
22564726
24761792
24403099
23089371
15126918
24665826
29269951
24603967
12010506
20481653
8138584
25224934
20458440
16675968
21785732
31117256
27134013
25287281
21845044
27291975
29115291
21891820
24349168
9650224
24099470
27464733
15890798
19729016
23457493
10635028
25575785
19147603
23483898
30574738
28299729
16034612
21083697
2070681
23554969
19213777
7544332
9213429
22519451
28096895
15685595
7589148
29961039
28762232
15771129
24161715
26860065
28665955
7827749
25196678
10214052
27704718
18849019
25115462
25374383
11772236
16896935
21354273
8162347
28979901
20888056
25025333
19566825
28329269
28150733
7807964
18194448
9573355
16581223
23831851
16712711
10603653
10216094
25910275
11464705
25841900
15979363
26899371
30261069
22791767
20393583
15175031
16445697
28978745
27046748
22089058
25840994
28436487
21281986
12912854
27649066
22241901
15623931
27068509
12759727
28374486
17555811
19995745
7551560
11943022
29056683
24810263
30142200
30423799
25987425
18702016
20484365
11428169
16879866
30328655
30850186
30985216
23047299
29457531
28977471
9687007
19656780
26516182
8558902
16230310
15201662
19616530
27127457
12187641
15280429
25415508
19233249
30019784
22499248
18194134
9986746
29717149
19393189
26631842
19638369
12086977
24603819
23000167
8314313
29302336
22383985
25294112
19522162
26487698
19773286
29392327
11592104
20081226
30171389
24574137
29073528
22095744
19487153
21185415
17007300
23902689
7662169
25766389
27104887
29909504
11998991
21276574
27221232
3076044
15329814
28406184
15242997
30629053
15083765
7938346
19538825
14755245
2459265
21890280
30456642
23765702
14593234
26856544
18791266
27170254
9391291
17956242
19019167
30225958
20154066
28371893
29436257
18493720
30921545
9775397
17981786
19609012
17655843
11089569
7556571
27194484
9925371
17493602
26965792
16452123
19320776
17974429
29651914
19701935
18955663
15790981
23074998
24030926
30262158
11678864
8682057
17119349
28624291
11420387
28430357
26035864
23670877
11264572
9205552
19459152
26940365
15307819
12023876
8605638
19298284
22262048
19460403
17622396
18629021
23731188
9274620
24154706
2475451
20823114
15141380
15598420
17189531
9402261
8726864
22724003
3943660
29601579
26052759
21605624
22364165
16387953
30537746
20659126
18307742
29295546
18359077
1714254
9894250
26820361
12486490
2465754
22523556
29695130
29950570
29943875
25674159
22467439
16107767
24075964
22687615
9491644
8797004
18373336
15245912
6569828
20039092
26091731
28250354
9274529
25795916
9512891
17686490
15184943
8607863
18661335
10460502
16354158
19580648
17965830
25610589
21516290
28933783
22157583
27060978
26924269
24064976
21480082
27601713
10775672
19538538
20642811
17373910
28851707
23705892
10371277
23419246
16046159
26886920
15526242
24093773
24587395
12915589
27009174
23378002
17537400
28691737
18577182
15640253
25166440
23063140
10535707
7800202
16415495
11315099
17581810
23852693
9288970
17258486
23023368
27264108
24046351
10341835
29968161
23223222
8561439
10861266
28771943
20846107
18239051
27179976
30019109
15061349
27391064
11340269
27005936
18308352
10188896
12025461
14632160
26362859
22918976
18639630
19583711
23721526
29582880
3308476
23144859
23639553
30537490
20843437
17634943
28100420
19534651
6596035
27635058
25677837
28513656
15655333
14987308
14996436
11145925
26608260
15781318
19239849
28606962
23261354
27352824
26312857
20518852
12683235
15471977
21826499
30005623
21779330
16930512
18184111
23573348
26361876
24727088
24695986
29593116
11369868
25663697
9255107
15339604
23845797
20184871
21453480
29194482
16708647
10481234
12837923
28595838
24367771
27389586
10736063
10491321
29020257
22436799
30315331
29421351
29046338
15501589
29856896
29679615
20041033
24429385
21900321
30413105
24909260
15784120
16971980
20300191
27643581
16405457
10566004
20926012
10028891
10229672
28811169
21447487
15806095
8155077
20849445
20012165
18364034
12676008
9198134
10815629
8645182
27763655
27038741
9792032
25868842
18195483
17223738
20597997
24223098
22718308
17318226
12507580
28957531
12548462
21392511
26519109
21900960
19909233
16788848
28051771
15763438
17642432
30793298
27286674
15714278
28884865
24484176
17027893
24748951
18498543
7999593
8311077
15630367
7626420
30032654
11971760
25414120
8698454
22280423
19258040
25751394
7541812
28821845
16374453
12127852
21551581
12375269
28543398
25541636
18281088
26239655
23398532
9059141
17087877
18184756
19126201
28440536
10878552
16675485
23278963
26285645
15182385
17635112
17961637
25042645
16101546
18187461
27838414
15056218
10886813
16046515
12049638
30296260
20345368
28329138
21948273
28770299
22184969
23342920
27481581
31058412
28474421
9476583
28123055
17447144
22078809
15894533
11096193
16091016
12084081
21831044
8242936
23754570
11007134
30008265
7612955
15199420
25320066
18045687
16363371
30910611
14984764
28053001
30465913
15221936
21540340
19243474
23398466
25605830
8921246
29935061
16109099
8221792
18805052
24651970
17990014
26374857
20353731
21429937
24136115
29704321
24631829
22623163
30293527
23786998
16470362
16870952
24400815
11054640
26221581
17236465
14667201
19282346
25807992
19221131
26339779
26311218
28862768
21481007
18226583
23409729
8982126
1392165
19059644
18454393
26090916
11988769
24568197
20507271
12270061
8694289
10589813
22406112
18724844
1396856
24268032
9536917
30854232
31103478
25133674
9013889
11028671
10347120
12683929
26832174
1773220
16843526
25619257
19207983
22233454
14600124
28150274
17412577
11252092
24813154
22207324
17979885
27339799
24893666
15490332
2552268
20060415
16498509
10224366
9067831
27747854
27418555
9556512
24674459
21678108
9812195
26493794
26777421
15497929
17495113
12852489
12859421
9495077
29870552
8645587
19937643
26645414
23958517
16461931
19847259
7536507
20176680
28303642
23591773
23018246
26599229
18774289
30295707
11228247
21225096
8345481
27836774
9040050
12928693
15500826
19954229
15711735
9556514
17823630
16546322
15621657
16890240
16139627
20042800
29981800
16108064
28827627
20142958
25673296
17120791
22155623
19301672
9080228
23143794
16023836
24773528
24903024
16227332
28141873
10391686
19533766
16968549
19273265
30235481
15692257
21649738
9685651
17603917
15252132
18996047
24592193
27471206
16931550
14600270
9650223
28346421
27759879
27314046
22006671
9509986
30693469
25209402
23021595
27140334
24987156
15102003
16648882
16406506
28811542
18852252
18593398
28987032
29765702
11750034
7821370
30903721
18410919
18262347
20428444
22397627
16297165
26926600
23207452
17618273
10224058
19356007
16324647
26427490
20520821
14980241
17703601
29982417
18234554
30910610
8281964
20872264
8880452
8503839
27079765
26309140
24890593
25748081
20373825
15385961
16426593
8281955
10743502
26698025
11792075
12162724
26335442
8846931
15574344
23322881
24445320
28156060
22418748
14987229
11175358
10533286
24218041
10930320
27040096
28933415
22505883
17555561
8365425
18505793
12123778
30923583
18284641
23425881
10999661
12137602
24555014
25652465
18006454
11964750
22340635
9785958
30954558
12455721
16645407
7662168
22380695
16242359
29105899
16360129
25536182
12456318
26421314
11929485
29028807
22227408
30814728
18720094
22920584
16722611
24602133
20359743
30383775
21271785
28946878
20353484
18264692
17826000
18353489
15953246
12190939
25351602
17063438
22181043
21707759
20060584
15202828
9375379
27090739
22024275
30684308
30060141
15295718
22843703
18487100
7636298
26791370
9849413
20537189
20595143
23116239
8867813
28369744
25974177
10233309
15725066
11169467
20407445
15008974
14726258
17227236
21330293
16309954
16967051
11420148
15115333
20931338
15094131
29732732
23479332
22253805
15785316
9678429
30410060
18557954
17343875
20027185
26818565
30373227
12402992
12539335
10533163
30101406
27545683
22972894
29358995
12200455
8556580
7323612
22658609
21908647
16420416
15538733
22730262
16207317
19200050
22705941
19508395
20384901
14580355
30133616
27374750
20367975
15146583
9019241
22835810
14751742
12534589
28452958
28701504
30216753
11962757
26260798
19931388
21755675
25460035
17697160
12879061
16396978
22237583
29465351
28819366
8705761
25121600
7529617
24678967
10867826
24606423
9108675
2290698
18343963
18661341
23328248
28748762
21932191
28217927
25889587
22092345
18474138
25040055
16402918
29313882
24066673
11522023
18279996
18996041
17999680
21557752
16875494
7613133
8781219
1913955
17982970
30207395
19141302
28290548
24709565
22333056
26018964
16472240
22938918
23825118
16136509
12517702
17573740
10674824
9789112
29385432
1957026
16373405
23073918
23708000
29242170
10505055
22119609
25744306
25529509
28618427
23755181
19539365
29388041
17592511
12392035
24469063
15476275
14678251
7648224
12452868
21205293
1515548
10027627
25955839
18177476
20718661
23257180
9415995
7685960
2197030
1710511
10954198
23584980
16362330
21777602
10541570
29633266
19861308
9854310
28526238
18006485
22995486
24533969
22319205
9563104
15004438
11860503
30431436
22998144
30032282
29046415
23430124
10332619
30411499
3474238
11251552
23621815
15509674
27659148
22745041
24611063
23134700
24255130
20942562
21418148
26675406
7918239
23841699
30202513
8771322
9072013
8287436
9723958
19748582
28163306
16311904
23238588
25661250
7535835
26557379
22589609
8406675
23554457
15819978
10742909
19953096
23322204
21505230
16173924
15095483
12441103
19335743
15841311
2539384
23248239
25907862
11813883
30165600
18782908
30013740
25786641
16126751
15862171
16202037
23245384
19135163
21692861
10618162
20479644
27835899
24799390
21712488
27870871
27627088
18644234
23236386
8680484
25766369
23095556
28364044
21333362
9085358
26429336
29671911
17537779
28695473
14968124
20566360
30601807
21565832
15191824
12708883
24575868
28158775
19040616
28553543
25297985
21615773
7538096
7767892
15734895
15818386
19519826
30715061
10399178
21854459
27079193
12924823
29024417
15705098
24035733
18554282
16815061
30029031
25665362
16968233
19729021
20334573
26837596
14659801
12136400
15969657
21366833
24951538
7619071
20603225
8911711
22941788
21479344
21285291
24258247
12645293
30470818
17083473
24367772
25708054
18269192
19764901
19240282
7703954
11229600
19020352
7668897
15290345
15183075
10333361
20864282
23636507
22118839
8064688
12223060
23090508
16842882
19893117
20525982
9155579
24782449
19068028
21324802
25677529
19930425
28348819
27624141
10329356
20678474
14646561
19604240
30887214
19561339
24205352
12841632
16492137
21040999
26008115
19006025
15704258
17233629
19309351
27519049
20515782
27580655
15063715
11814316
25694587
26542796
25807374
27636889
11697885
19016045
30397172
23856884
19040711
19452443
23231415
14587437
25392399
22892277
21982799
24551460
19746242
22900357
6705036
1319521
11895494
12692840
12085210
26423909
7727178
12856000
15464033
18544498
28333699
22937489
30910400
26370164
19080775
9506306
29465447
12827455
11242804
8570913
10231417
29908065
27756225
10543306
27940195
9237026
10629546
24969654
25432094
10692723
9550873
25556358
16967326
9049977
11687291
29656960
29752166
17478534
12708649
26340034
21037369
29763974
15863640
22435995
28679607
15723623
26510436
28806488
18978350
9433928
12893436
12617721
29701666
22519563
26556551
28095649
26137471
11805834
7620853
20708611
15642130
7707293
9481779
15546965
16738527
20621195
19590187
9171958
2160805
1599390
3065703
12056512
8782135
8482730
22700358
8143222
24990180
19553359
10232461
9464653
28785434
16774841
9462286
23947778
26491228
25907046
24059244
19815272
27247426
12823712
17050275
27009176
25616779
29482113
28406185
11682610
2050562
10570989
19444761
11384099
22103498
9493652
29443958
22349931
23812578
20163454
30719735
19601829
30400447
19842116
15644118
18768572
11173626
28192468
10711252
18469024
26025393
27415834
21175899
24305966
28054419
9059310
22161832
30984775
11577177
15890797
27109824
15240842
15869913
12947136
11389678
21292788
28891228
23646930
29773424
30739387
22700194
26358319
27054629
9202219
10906783
11985658
17210741
12950237
18853162
28492981
23331101
16768246
17728181
22380618
29713350
19433304
26413282
15293612
15451073
28159895
7585480
25199436
17412866
16088849
22577298
28740514
25225101
18281374
31004144
22620672
29115298
9828861
21247626
23077567
30531869
8092999
20385142
17598647
17493236
24982243
7703524
19218812
26240819
18294724
17979884
30582279
29291979
23388038
21937601
27933490
29373656
30886401
15841324
17412405
7589259
25830635
29463024
29127860
23588377
26534771
24833797
28305967
27255356
19930861
25060386
12713442
12153635
15066202
27069811
11260245
30419600
26853916
18263891
9483304
19190085
29967351
20936527
26578393
24506800
24760388
15989527
18358422
1554530
28878953
28819304
27663298
15459131
11431576
12589728
16286235
14612884
18296491
20427321
31131860
15877233
11012602
18425119
10451487
22241630
28242454
27989455
17117286
20008031
24077247
1815006
21576412
26482898
30655624
30778141
16021525
16913835
23554968
21540997
10460217
29042658
23666250
27101406
28508565
15970546
27208212
26370612
25545115
25416065
24481829
11814314
25348690
10712674
1645488
30837227
29743718
23183322
30267451
30804393
20337997
30040870
26677439
30227237
22079283
24067352
10068481
26549403
19346587
26747277
28849349
30290757
8682059
19267929
27853571
25842134
27629364
8950585
7613621
30165197
21177845
29950303
25956994
12271352
18781944
30002479
19726547
25095599
12972549
31113335
22766540
10996602
10793622
17628855
21199160
21931601
9516897
18000598
26088447
30755628
23477905
16687469
9668992
25927832
2556447
23259335
25257180
21037321
24622730
31107524
20557403
17608806
29920674
24650971
21902815
1712697
18722681
8826873
25056434
18188013
15265805
24722402
25291063
17199697
21898971
28976159
16037621
20489058
12702469
12545206
16041692
20934750
22719856
25948407
27595237
18848571
25704791
21143146
27441395
27118293
26392342
20573730
22696594
15970445
1613735
27069480
23159731
19110248
28938008
25385312
24340021
27574695
9573366
27905066
26311501
9703888
20015203
16115464
20820974
30480427
24665102
23377028
18835843
10490358
28611417
24156403
15827062
28988892
16837837
11082920
28582477
12358374
8131402
26779482
20560960
15992468
29893146
12692188
18448164
18282143
17957337
21402872
27531518
21455703
24639064
9297778
22534143
9804259
21856484
18470596
17927583
21907865
11143998
19593942
20810141
16047964
21881840
1842436
11277874
26657013
20552716
18338818
15681498
25929803
15063356
24303899
28681373
19302253
11006321
18056757
10621841
8805812
18218680
15342170
24285264
28698228
1280922
19185348
23620698
20352151
28863189
26351659
30287763
9822200
16543619
26177604
29708036
27510797
21461665
18556155
14577597
12006099
21106552
24438519
29455466
21045723
27114889
21428178
21253808
25823219
10377203
20371146
24639195
18704490
16406721
8514872
19793106
15679122
21950462
22367478
9442442
27553639
14767007
7697623
17105852
24743169
19022820
12891002
4077883
21611762
25505010
15375588
10928953
20045702
8523079
29729633
27247422
19022391
15796783
19908201
17656430
23043266
24681713
16443269
23334911
17678883
11501027
21900319
9195805
24724725
10505069
11928819
10396201
29953488
22180604
16457013
12082542
29754438
29293552
18632833
15200344
29664192
17641410
20685740
7976132
22733805
29652915
23298546
8841808
11511020
25116435
22817606
27941938
17224022
29476359
7554034
8281764
17968320
24197448
28369879
18849192
28130491
17010475
12950343
15467516
30660615
16731541
8789300
17007805
1831353
6326663
14738472
18274177
15610532
18029231
20388121
28761684
26612603
16266693
21595824
19789393
14735062
25460290
26342090
11810274
29115927
17581226
11531066
12849486
10369112
12574790
12799215
21983244
21699692
26264050
12667955
26601802
26387558
30949994
30183743
27009177
2683440
26795571
19632213
21606076
22194945
7686110
17526509
28958132
7542594
25861293
9237032
16313955
28809406
20588005
11908674
30848795
23024758
10759405
11719590
18956412
17763951
14674934
6917780
28468315
28173838
23720497
18619669
30156050
16872556
22519446
11710834
9645358
18072029
15992076
16441234
9516128
12115886
7521676
21960174
16918975
25322877
12043964
25975937
24518140
25739356
24606818
14710362
10869489
10452285
9402249
9924344
8726949
19047340
9560329
26277837
20857180
17069927
18182077
7722524
14561155
29016715
28836259
23615327
25577554
27050448
24333762
24464789
23539713
19059703
19050008
26597728
23348921
30367951
27149979
22638995
27720349
15105042
20602768
25544774
10638836
19015735
25076423
26667266
24896734
9893600
10809899
3068005
21208610
24685074
26857337
22967148
3332259
21899859
12454434
7518598
16246063
14587300
8789459
23448358
26619948
15020515
29749704
25929748
22260784
19592334
31020875
25099958
24363359
12782145
19778333
10579632
25670798
18684398
16880228
12711613
19625234
23455471
15130034
11733182
17845997
29379010
17327274
9303281
10508658
8243459
23465752
11757635
19842110
30196447
14532148
25308921
12579531
19438747
30032046
29100286
9413186
20452670
27142241
25329658
8829962
31040291
11454044
24532398
10233307
30191627
19849841
11102751
9852242
16552705
27692634
18947537
9200207
10767720
18358427
16823105
24166068
22576594
23728464
15691648
23782578
17163848
21167598
11840172
20619343
29334696
9227364
23145787
17137503
18257838
9082500
9306963
9808342
7496500
25517099
19593952
12941067
21054675
22882433
11589144
2806122
22199358
16352183
29615815
22882964
20852404
27257021
20935575
28665992
29167509
15798515
8934607
22571259
28131101
22952092
29627369
20642475
27589705
12919869
31095969
23103664
26749103
17556008
20830235
18950484
15199098
20186923
25887672
24533825
26445099
29557519
19515067
12611045
15617575
15306177
16333360
15506989
9831957
24863570
25982959
12372136
9076940
24130190
26063524
23011894
7623321
20226715
9496252
26045877
22148008
17283905
22072426
21199328
18588727
11082129
23936678
12952186
14754404
27198765
21753849
23913860
15584901
22686699
8646429
16319121
12297062
30648506
29292398
26912574
28239848
19288028
19522858
26416466
18992302
16400654
22862852
22458450
30458865
10959823
28834088
11750954
27774272
11028764
30453047
3068013
16133543
20528622
16434095
25300351
16443501
14499294
14985070
23940598
14580155
27911717
23856376
11793374
24237365
23063106
11236132
23059882
16716396
17439490
23495048
30976283
24762104
21885032
23612611
17290295
27974233
11285119
2677536
15992169
18022774
30237127
29893478
19003589
25563468
23044097
3208512
24666659
29756562
28846936
10692869
23806284
12957150
14516131
11289654
18062794
27644894
10706506
12502191
26377738
17559463
28608951
12010642
10341834
19397914
16546560
18541523
22048898
9134100
23139380
23696542
22500976
29533760
23049084
25879701
21952300
19686870
19393975
24829218
1329915
20392987
18095652
10963998
10959408
18442483
18029162
12617792
16030052
30704705
8268758
25608921
16623785
25248762
23207731
12323180
23664438
19160486
24657485
7532219
31085234
29880066
18930122
24112857
15990918
17118216
20608975
28786009
19229767
17721609
25200283
12706368
26661692
16697175
19147452
29118111
1322008
10233668
27600527
15790379
11482897
14756248
17899219
26353593
30072699
27624357
27381663
28063256
2176152
17455152
20222942
22053695
7692765
20618774
28935982
29615673
19230147
30280372
25156650
26392871
23095709
27039901
20430448
26308372
15566402
25015208
26204504
12081196
20500603
30384986
17105646
18262231
26248878
30390648
15863631
29995306
17536999
27820156
8835847
10451486
19508460
26446403
14635802
11175362
9673387
17889582
16291068
15492584
9157241
21147820
8907541
16207116
16140272
22291969
9438596
29079731
23960284
23149387
28727135
11967826
21424123
26855760
17352820
8320279
12403873
10826705
16827748
25587045
20573231
15507895
21938677
19114116
19273372
29555826
16393247
27782356
18195621
17627649
10953005
29247692
28316086
21042739
19104466
21497739
15111767
16162682
12554904
15508185
12556202
17160618
11440360
26829555
26038533
19284504
17260615
22653770
23771947
16755991
28348258
30237579
15974960
14643899
18042615
15043707
8095623
17303130
23954851
3348145
17482213
12053453
9431623
26323721
11833938
16787167
21039988
2273305
23443332
28570000
16431343
29168660
7821211
23524300
28495868
16205625
24591669
18705695
9363169
31110047
25089553
17339837
8492742
7717528
16026148
20688387
19432821
16970596
29967323
19935792
19906188
10030379
12752601
17137622
9154526
15586361
17650176
22854039
28667737
14508033
25524377
28374979
28976699
9870768
11563986
25541234
17071711
27211321
21611127
22469108
19508332
24773508
22042737
27126736
20053699
10669951
17905750
23667187
10731089
23284897
20698845
23807291
9769855
29697102
16011545
8280080
24721475
11264711
24886452
19641294
12566110
9718371
15285727
10336800
17075261
27543695
27599751
16178896
27141932
12087679
28373691
30808576
18787826
16719766
23421932
9138283
9336071
24116743
28707321
22454409
20603896
27091952
14656409
20977504
27771340
25619460
12973693
24859313
28290150
22880008
1270511
30457356
19773754
30226843
22706112
25773735
29950305
1294570
26612622
20171789
1877856
23863197
18951930
11817657
23682108
15980999
28032468
27804885
29742305
11241422
12831741
8910799
9243605
30859186
23446493
28757056
18930047
1794314
14981144
12629868
1792187
24838661
23332208
21308992
12201808
7925969
25231818
20109185
16405877
19659898
15375341
11095924
23653427
8838371
23813847
8217094
19542195
21902814
11340256
7482394
18037882
25312247
17547469
9162605
12845612
21718586
10588380
16161453
8967956
23279004
26679950
15922918
17346673
25014552
15047951
14735194
20736239
29462238
15857930
21635814
24843046
20865019
24692173
21800436
30509340
18270582
18492791
25441775
16498252
30719800
18720445
27647937
3940231
26932377
17337476
19041277
15105396
9428341
27770634
17920032
18285512
29425770
22260678
26479000
28049736
22523364
28069701
16487543
19365806
17949416
18812421
30521860
23518819
19578787
20232238
22417655
23910946
22574808
16139411
9459152
20413357
29049714
1655541
21790971
21524278
17020541
10417662
10951407
22184970
23804591
7945177
14624704
22240510
28150849
24531128
22250477
11789398
9238663
21245951
1654404
28772035
19681796
24489787
24260575
17963910
8293482
20666994
29743679
16594906
27742777
23579290
28954833
18264691
20676060
20387699
9099976
27876801
18365875
21622965
28631399
27089918
23271042
29022895
28429960
20711587
28807411
