30609801
30878169
30827764
30914425
30771434
30671386
30986761
30599013
30652605
30690085
30761667
30614181
31106173
30733081
30829271
31053799
30559981
31121334
30893312
30943749
30740581
30844737
31095914
30550831
30842135
30504392
30661051
30753543
31110521
30771431
31105427
30778902
30709048
30531871
31025484
30887161
30607587
30753266
30528536
31088874
31033810
30789261
30875000
30891985
30611624
30927939
30900637
30729297
30612274
30686263
30637782
30941243
30637577
30765258
30717608
30713576
30957200
31083383
31087380
30952720
30518157
30962452
30866861
30829268
30487650
31103165
30555068
30777104
30530271
31108277
30816272
30519052
30766758
31013093
30864679
30810174
30862718
30935968
30927552
31001905
30887204
30942098
30542490
30610561
30695863
30961778
30747674
30998908
30655807
30914530
30908519
30542992
30564542
30520151
30679700
31081058
31052479
30742561
30798142
31099622
30758516
30887698
30608247
30577697
31008135
30611095
30704210
30905410
31080481
30651373
30735207
30558431
31080743
30740034
31016845
31026363
30848201
30903402
30664790
30924918
30536313
30950201
31026794
30861098
31021882
30894512
30513573
30844656
30725384
30774927
30590484
30678984
30940091
30578909
30660566
30515835
31095790
30890586
30508960
30970159
30955183
30553564
30909671
31034594
30666563
30847702
30675210
31115835
30563993
30646221
30676432
30906547
30534584
30822220
31118800
30858940
30725116
30641089
30669331
31060517
30975607
30613055
31109309
30737978
31116377
30997540
30831552
30947123
30891536
30687062
30568627
30819096
31115844
30599880
30873664
30996822
30760859
30846329
31114339
30814631
30525267
30806234
30799258
30632005
30725314
30589024
30947697
31095628
30810980
31070708
30551737
30905177
30806067
30675269
30984234
31024856
30900116
31026440
31060777
30630528
30927966
30826199
31004299
30608416
31059074
30575550
30843125
31114373
30633353
30537954
31062258
31002181
30769922
30566319
31098866
30745741
31061637
30602953
30806692
30868391
30700545
31060961
30982971
31113872
31109373
30641309
30694523
30902718
30717619
30635931
31031007
30609707
30572191
31108032
30657442
30856170
30760587
30983732
31100574
30656093
31040924
30619749
30486888
31096027
31098627
30583596
30950837
30600807
30674386
30731451
30886529
31055219
31104008
30746353
31103986
30533210
30942417
30754632
31089850
30838091
31033814
30846274
30833989
31076412
30653567
30566672
30972101
30959386
30572549
30860277
30931099
30928806
30525258
31098669
30565786
30707476
31032492
30648731
30588111
30710426
30777332
31073788
30488328
30520947
31019654
31035229
30914761
30714941
30519178
30518615
30775443
30656059
30992300
30929609
30656558
30730944
30835260
30996252
30726934
30559257
30643203
31069012
30980431
30623482
31016641
30631150
30913871
30602570
31100573
30748013
30875168
30697605
30787176
30915120
30544614
30905462
30801037
30680198
30980208
30663402
30783737
30536366
30531453
30990947
30637776
30840281
30796653
30988301
30598088
30753858
31045431
30842786
30930227
30988630
30909144
30732133
30687627
30937280
31114992
31035903
31094929
30723698
30733320
30668363
30553577
30825048
30498418
30556879
30631609
31107411
30678413
30655778
31087410
31009334
30602798
31021303
30697066
30796885
30995195
30580077
30545992
30531102
30856515
30969931
30956894
30674894
30915662
30763184
30569900
30984674
30781353
30552158
30852384
30504931
30692423
30534596
30755678
30987032
30909317
30573474
30614786
30560892
30805885
31008981
30878811
30984619
30498280
30509109
30587737
31041627
30589783
30609320
30519764
30540581
30552711
30498425
30627539
30632985
31001693
30835011
31076089
30510860
31069124
30991848
30676763
30632924
30710183
30806922
30914583
30819679
30981160
31014505
30676859
30820924
30956778
30989775
30895677
30587612
30622830
30860901
30866584
30836676
31099635
30725408
30877378
30915751
30862292
30932687
31079417
31001113
30963213
30545124
30563141
30600283
30934622
31065776
31093946
30856168
30680196
30989009
30628113
30796482
30842953
30916428
30814916
30537284
30771348
31067223
30616624
30880784
30940584
31017460
30591885
31119054
30595341
31103998
30612272
30558615
30982256
30553016
30516084
30858931
30497491
30804615
30550644
30721822
31052542
30836216
31101074
30934124
30930118
30945069
30799697
30674248
30692706
30816364
30537364
30770442
30655867
30834424
30882843
30506017
30634106
30717494
30798641
30605628
30529123
30830973
31037729
30680659
30541042
30785826
30941656
31020446
31050361
30515806
30734471
30652601
30945383
30648074
30849111
30658417
30691682
31006917
30706997
31045583
30596408
30809320
30552384
30917462
30886084
30775551
31079185
31106990
30950238
30817846
30567630
30995175
30771490
30953146
31004003
30904701
30883663
30915523
30692304
30943409
30584057
31076281
30995369
30489539
30988998
30573641
31019891
30688104
31092346
30996895
30804140
30918944
30531833
30838815
31004924
30728668
30974465
30820113
30873673
30509077
30664010
30939096
30929064
30760265
31066249
30998538
30583683
30880222
31032228
30594961
30895534
30759193
30561133
30784885
30855283
30912527
30915386
30817249
30910739
30565041
30642351
31030303
30554923
30516732
30652307
31069014
30597041
30545790
30591469
30678233
30912402
30519041
31084033
30942465
30792164
30731458
30822522
31058083
30713484
30588240
31112341
31062436
30736857
30889767
30610783
31087002
30746706
30802303
30675705
30574470
30787205
30724720
30773423
30604214
30736768
31091526
30551427
31088441
30724426
31087467
30593513
30720868
30801900
30568676
31119060
30854531
30851322
30797800
30678243
30632022
30747673
30871053
30509058
30941193
30631751
30565965
30562553
30521382
30888914
31015574
31005873
31060224
30789681
30671765
30755192
31071369
31030291
30607680
31103812
30984428
31087430
31072446
31111353
30833784
30771425
30830383
30975107
30585723
31114225
31104003
31043780
30917515
30910306
30733286
30907148
30637701
30783520
30680469
30840881
30830787
30910558
30931365
30679562
30800654
30814616
30928069
30723387
30542711
30854753
30824154
30585960
30826857
31096179
30869295
30572405
30486409
30540922
30899430
31007609
30613312
30682441
31069317
30659045
30672328
31026796
30915846
30613632
30850138
30655702
30686002
30696608
30773141
30734685
30509089
30731359
30955459
31049614
30575323
30641665
30982871
30517895
30756327
31092420
30891102
30734400
30970018
30666681
30840590
30486605
31077235
30538954
30958320
30587765
31054062
30747082
31058185
30675512
31109646
31029864
30655887
31095453
30941738
30930771
30647492
30816606
30668517
30516341
30679387
31009228
31112882
30987576
30737218
30668331
30789886
30859381
30998824
31036469
30611621
30737243
30738779
30619376
30832597
30874603
30729298
30911917
30999598
30872189
30520240
30790383
30508273
30964173
30837690
30722109
30553773
30720226
30797493
30920776
30794795
30565472
30859867
31068208
30546004
30759049
30843006
30675256
30991918
30894168
31111504
31059025
30834864
30524945
30563580
30522044
30687624
30897015
30739678
31063423
30740752
31097280
30547207
30859188
31078167
30917258
30607156
30594253
30677130
30534026
30526533
31079425
31102934
30651399
31040352
30531546
30579707
30741988
30817989
31058074
30897836
30898366
30819215
30843771
30629713
30859348
30717217
30715589
30657113
30542510
30787636
30839601
30674526
30930986
30703712
30621221
31077162
30803394
31072044
30955712
30725406
30805303
31058553
30536272
30928762
31092902
30654608
30950326
30908145
30803439
30894906
30692379
30500482
30726495
30611299
30686140
30587941
31011314
30676564
31097762
30988686
31074679
30738289
30999781
30555597
31001612
30601995
30545684
30711490
31014197
30715675
30847853
31076332
31089397
30632609
30851415
30843206
30718678
30596211
31100037
30573156
30877406
30854194
30842790
30911675
30717781
30733855
31014268
31081124
30781548
30985407
31014049
30488827
31064028
30907795
30993040
30618013
30511528
30675232
31053234
30614422
30911680
30924168
30777203
31034592
30822630
31012015
31053047
30555636
30745109
30862692
30867160
30678714
31086603
30564079
30816955
31058655
30506958
30683420
30530611
30817641
30940320
30575916
30789608
30607523
30592108
31067985
30786683
30551495
30621577
31036052
30714952
30612080
30810258
30904441
30574744
30706774
30624662
30786169
30574631
30761270
30631153
30888516
30704540
31002200
31005714
30653171
30958325
30697962
30927330
30772267
30875365
30889466
30977035
30901323
30598906
31070482
31061065
31108248
30709969
31085078
30980365
30707230
30875348
30767608
30848439
30916098
30838883
30546427
30796651
30613814
30867771
30506405
30922393
30645035
30807645
31089358
30797069
30816931
30815140
30580602
30570849
30602614
30839051
30994323
30605266
31008945
30889511
30809096
30934926
30500683
30647872
30900865
31008938
30860347
31025635
30924571
30952823
30694453
30742316
30712390
30723561
30612963
30802946
31118521
30771869
30691669
30846162
30613635
30972960
30687557
30881782
30686567
31090219
30884636
30568487
30518916
30652416
30489050
30510069
30691413
30852761
30826148
30881121
30525770
30521157
30731183
30674572
30607159
30862114
30899280
30645973
30599057
30717416
30950445
30659432
30825027
30686775
30532553
30606132
31019438
30971781
31118762
30907267
30838093
30605976
30613263
30773188
30997616
30853499
31069131
30781445
30905452
30922918
30941125
30603685
30876939
30643465
30760857
30836144
30989460
31064104
30613976
30968147
31028610
30528494
30956193
30607123
31023384
31068074
30572928
30597648
30766755
30568488
30987655
30664304
30681587
30610116
30551739
30993481
30711440
30593585
30999149
31012734
30953388
30957723
30639876
30589050
30823688
30542984
30704472
30770493
31080186
31095937
30715659
30700694
30701349
30725392
30800038
31111278
30734610
30682838
30550486
30503282
31004045
30733195
31001373
30560461
30907680
30761690
30893792
30777857
30720399
30553187
30808202
30961973
30772460
30549145
30699364
30630678
30993410
31049790
30804999
30876414
30856296
31092458
30729058
30692336
30679905
30588017
30688880
30907803
30579286
30904617
30806064
30560420
30805928
31081251
30539865
30598658
31066364
30486739
30646114
31061661
31002633
31035806
30535101
30709632
31012960
30662326
30954731
30511361
30538636
30704524
31008954
30590314
31041443
30814922
30931493
30839064
30538455
30881358
30727920
30913861
30744321
30776482
30635754
30684019
30987598
30702337
30939561
31019364
30810188
30686054
31081934
30963508
30766763
30769864
30574683
30589825
30818153
30701016
30562887
30842276
30584319
31016759
30607122
30989469
30767774
30941236
30760697
30893801
30579323
30930692
30774365
30919589
30709381
30651598
30941159
30554096
30692376
30508810
31117836
31099008
30744145
31120712
30917575
31085287
30648627
30583676
30974954
30713554
30916421
31071371
30672753
30545915
30639732
31090168
30524959
30693645
31062281
30766387
31103904
30734417
30669416
30971521
31111601
31040043
30847405
30676770
31041982
30537877
30867051
31019366
30962128
30803191
30557060
30565420
30850664
30565767
30882711
30692462
30814841
31089377
30554488
31093789
30496290
30626462
30587719
30577812
30488991
30906836
30837172
30811403
31073307
30792548
30996345
30719106
31065871
31065110
30662552
31076887
31055911
30949744
30849954
30616234
30605443
30588246
31120152
30742096
30606621
31037608
30790681
30998806
30659431
30971205
30745582
30987191
30781807
30678347
30914585
30655703
31087581
30524378
30558719
30514359
30652606
30705878
30912011
30906639
30692202
31087419
30535311
30674742
30702563
31029427
30697416
30712196
30628773
30614034
30717942
30517281
30852715
30604398
30589080
30521746
30950442
31065026
30572195
31002359
30746636
30991686
31106144
31049766
30607117
30910201
30905000
30675515
30699057
31054046
30710752
30636884
30929606
30709514
30631080
30792815
30947968
30568739
30546463
31074047
30935273
30783466
30736351
30627295
30912136
30925484
30845947
30538698
30875105
31015124
31087198
31004122
30897286
30604156
30779469
30815528
31026847
30536352
30565179
31111506
31069010
30858727
30715139
30900156
31110935
30538380
30624609
30902382
30806286
30585620
30662060
30969947
30599878
30964698
30593514
30963111
30843891
30651078
30848468
30915160
31038242
30573980
30862313
30867888
31119045
30762399
31114028
31022278
30610353
30810442
31094713
30783852
31088829
30497434
30962322
30629668
30718919
30805199
30522116
30770972
31082617
30547962
30697873
30530374
30704211
30864198
30938765
30928413
30528045
30572623
31020617
30580288
30930637
30693664
30755102
30497939
30659265
30516960
31082949
30745456
30817558
30796821
30526355
30695018
31014059
30846795
30942768
30784915
30812030
30588893
30914155
31106278
31070842
30777606
30933317
30770625
30663156
30914800
30519815
30897853
30607790
30797241
30838036
30733836
30831276
30792638
30746847
30683108
31019445
31050596
30563785
30609100
30871591
30843639
30982999
30689838
30866535
30796655
30642021
30761638
31050374
30727782
31016233
30538571
30675223
30903103
31114411
30744690
30761637
31120568
30646210
30667503
30982786
30892712
30505219
30539492
30672210
30648736
31043816
30946641
31056464
30999048
30991100
30562124
30797681
31055053
31041830
30520388
30526360
30538879
31053506
30617414
30920670
30767161
30556878
30673053
30854118
31009918
31069457
31121477
30989623
30498750
30847533
30727937
31073122
30505226
30514262
30571086
30885276
30918126
30770781
30742942
30603998
30555923
30740181
31059365
31011525
31109593
30799328
30902092
30720865
30692147
30711520
30529454
30849160
30962720
31051235
30842925
30747014
30715643
31119358
30971292
31009242
30663191
30983944
31024480
30986424
30732703
30587455
31045815
30499048
30607170
30499193
30972846
30697423
30652617
30590609
30561789
30943053
30929001
30905456
30690675
30975104
30611396
30713850
30920079
30497850
31119683
30992305
31090898
30708388
30486829
30511532
30886324
30744613
30870478
31077156
30648805
30922280
31077593
30655858
30853135
31016421
30881385
30782697
30984579
30997624
31062729
30825263
30703514
30567316
30733856
31003746
30815959
31080552
30576553
30652275
30538792
31053073
30720225
30610961
30787125
30664166
30978971
30863499
31020471
30514266
30767407
30798435
30867138
30937721
30803359
30973661
30516087
30523157
31040365
30790153
30837503
30635175
30964742
31044763
30825858
30578764
30501540
31042588
30971774
30540989
30691977
30990139
30685529
31055077
31064327
30729333
30628926
30550149
30653149
31035052
30929824
30769871
31065874
30992345
30982978
30741257
30720178
30670507
30862477
30602079
30719702
30566443
30551465
30598085
30718883
30622114
30760341
30686553
30797708
30914270
31119569
30735242
30792401
31053611
30587987
31076954
30583671
30831601
30941621
30568745
31002284
30755260
30791886
30587560
30545096
30795637
30990105
30890835
30696380
30575915
30515933
31002371
30515368
30543095
30724972
30498230
30945720
30907588
30962859
30563138
30762144
30787466
30661763
30703145
30568466
30538542
30541035
31104199
30910514
30682816
30687634
30507482
30805847
31080060
30514555
30881477
30684188
30886783
30820118
31110649
30915162
30589360
30833418
31015586
30777038
30883322
30921208
31046771
30810455
30854965
30544876
31099902
30613582
30679228
30739739
30819477
30594445
30843990
31004391
30782941
30855389
30486610
30875843
30950000
30742309
30816650
30935397
30743996
30921428
30963110
30999603
30503317
31074383
30830541
31087273
30649000
30967297
30946749
31032494
30953776
30496733
30726965
30909102
31002367
30741241
30825666
31067262
30703669
30615930
30659452
30599764
30511279
30981031
30730552
30985441
30829863
30997625
30680649
30518090
30761775
31078169
31109224
30866413
30518934
31063146
30810020
30611295
30964425
30895535
30733504
30629221
30864269
30931256
31054032
30670266
30506342
30622686
30687625
30774336
30669033
31092822
30685264
30918733
31099802
30527837
30701128
31031710
30817646
30732565
30555244
30585762
30813351
30576489
30580361
31028089
30861999
30563132
30733228
31011322
30766845
31026007
30763339
30544963
30548174
30982113
30962283
30542836
30766717
31109867
30716576
30613655
30877512
30538172
30844311
30972283
30814488
30948110
30878566
30528330
31070092
31053198
30520776
30696910
30498242
30758334
30543479
30964213
30587727
31003648
30890638
30892535
30957190
30951792
30943928
30799505
30907312
30899456
31081045
30956645
30714316
30765604
31081218
31112418
30619178
31048354
30979827
30875351
30760519
31115798
30720447
31068574
30553462
30624616
30679039
30850364
31040674
31062728
30890549
30567891
30713814
31068622
30792536
30885568
30717773
30887424
30671946
30608401
30964898
31047143
31053774
30820718
30698063
31048002
31106468
30538554
30572455
31013579
30527468
30697890
30905655
30936716
30936011
30705593
31062657
30591807
30972184
30565039
31105691
30604730
30988080
30865895
30987626
30524510
30637625
30588244
30515268
30733050
30926636
30543030
30651076
30741022
31101846
30611679
30917830
30947895
30539751
30552573
30713301
31088837
30929299
30710319
30705815
30675206
31032195
31006858
30940654
30648231
30726932
30917872
31113933
30596229
30532659
31042586
31043827
30508620
31111206
30940796
30545302
30747491
31120927
30947953
30518504
30905377
30944645
30554991
30900967
30760381
30690875
30544617
31033423
30692522
30615821
31114242
30649607
30993766
30828265
30799198
30579566
30953256
30579653
30664988
30816337
30552007
30573304
31085766
30610432
30787637
31051482
30610487
30971394
30718243
30969905
30819233
30486871
30676852
30524942
30540583
31074811
30532184
30778018
30728391
30811304
30718964
30766757
30947891
31036542
31082269
30487452
30983292
30770496
31040139
30813617
30667119
31089142
30666837
30652016
31038245
30995022
30576770
30882698
30611634
30532591
30607167
30597658
30690879
30509497
31018845
30945577
31077689
30837627
30731509
30816504
31098856
31003512
31032808
30689103
30755233
30548300
30804792
30520976
30891819
30851920
30829460
30746658
30575949
30650355
31108117
30683915
30740528
30929158
30584368
30732579
30810849
30599849
31075973
30943793
30720867
30950120
30521787
31075146
30796656
30917019
30671510
30818087
31100376
30699894
30668345
30616619
30847933
30691108
30688877
30990165
30995097
30664162
30663427
30797674
31007478
30759303
30867707
30954326
30926829
30678037
30957844
30814489
30826236
30832752
30781720
31030466
30676624
30948059
30657564
30837171
30739913
30782251
30526553
30808329
30987700
30678424
30658600
31120936
30889174
30931397
30535276
30850143
30726393
30979742
30488850
30706876
30656245
30700832
30689495
30925799
30938767
30828495
30688106
30741561
31024042
31008982
30659212
30956779
30691704
30873742
31028082
30541274
31073792
30867218
30515680
31119836
31093284
30675923
30612778
30652350
30600539
30955173
30871158
30650384
30632009
30816620
30684232
31032313
30961514
30858924
30704208
31079232
30578129
30636896
30656331
31049671
30559558
30506491
31092417
30702963
31060963
31054253
30643192
30591047
30904031
30589827
30889089
30783646
30760083
30581013
30598693
31112848
30654191
30990809
30986648
30848812
30830211
30648268
30597209
30728757
30995545
30713601
30941947
30577784
30957936
31037288
30929404
30824185
30610784
30956195
30911286
30544058
30524905
30761267
30972613
30700830
30733627
30551691
30688084
30617495
30566834
30566557
30547259
30528445
30624727
30863120
30972192
30603906
30906868
30971453
30540926
30787321
31121155
30894674
30523370
31114633
30824611
30600413
30957202
31069866
30691046
30664751
30532538
31021430
30902106
30673925
30913866
30753403
31082369
30927974
30781877
30923569
30792382
30916815
31063460
31104011
30525231
31084623
30854441
30498416
30618271
30807374
30532986
30665195
31087784
30753826
30514914
31083272
30695816
30956945
30562406
30723140
31071506
30518851
30515770
30728081
31046834
30845853
30574014
30850371
30924846
31028384
30679988
30634494
30581784
31015630
30548204
31016520
31104316
30783163
30521080
30818329
30585271
31080788
30555944
30498992
30933323
30929998
30547831
30609602
30799833
31100334
30939415
30634417
31048497
30532215
31115513
30607155
30575823
30883685
30832627
30636845
30796186
30858724
30831568
30683758
30958184
30818244
30505804
30854983
30962168
30954361
30888908
30689231
30872332
30641217
30692870
31001607
30558902
30592293
30676399
30633869
30592292
30720241
30513661
30560820
30714947
30728402
31106149
31102888
30599870
30888326
30941233
30816589
31066211
30744156
31109871
30935584
30603616
30730496
30637612
30817551
30652303
30632784
30570853
31002363
31024623
31046874
30936717
31091592
31119909
30852787
30764626
30559934
30982598
30979502
31105699
30695780
30849956
30527350
30599221
31024081
30845813
31074641
30520339
31006105
30580170
31119802
30524511
30579251
30987592
30561744
30976202
30968961
30693031
30887552
30964038
30529691
30899468
30587739
30791092
30660103
31001610
30640511
30773748
30674296
30601270
31054038
30579954
30709773
30798116
30937652
30842877
30657303
30939201
31040920
30937827
30800034
30863098
30952546
31032880
30779085
30515674
30982701
31020219
30697384
30858763
31031981
30638909
30855221
30925067
30876714
30843008
31094222
30650643
30853361
31024503
30501104
30503797
30666153
30684797
30765603
30833168
30796217
30776175
30692337
30948442
30718918
30587726
31115192
30635388
30993194
30525110
30660595
31115881
30587738
30809599
30785994
30598116
30559167
30913358
31091037
31089928
31078343
30556250
30879205
30823890
30643406
30834671
31106530
30862209
30537129
30638807
30817548
30851122
30556550
31074007
30680044
30746758
30902800
30943813
30551356
30792708
30707556
30637877
30571119
30623763
31014508
30579121
30942004
31107179
30921030
30820106
31062279
30655171
30993496
30670061
30996012
30610827
30856295
30689267
30732857
30583581
30675314
30670229
30976189
30704207
31014987
30652556
30500102
30939738
30942452
30612033
31106147
30635657
31040712
31004704
30572423
30982494
30611243
30839106
30949435
30763659
30852409
30523764
31025139
30538406
30610048
30728011
30714256
31111277
31042410
30823842
30881017
30965282
30970280
31087306
30919451
30833417
30809937
31110518
31089799
31089071
30646013
30784881
30640710
30679903
31044127
30974091
30504870
31043778
30653508
30895639
30528604
30923315
30655975
30615643
30923327
30678427
30988082
30931802
30807490
30608133
30675702
30520099
30621632
30943501
31114334
31001204
30648747
31062589
30835017
31016890
30639725
30567881
31019032
30643410
30538108
31073027
30858725
31005718
30796966
31005246
31031977
30781559
31111698
30917918
31092338
30816356
30607880
31038845
31079282
30998356
30899615
30862187
31084904
30816325
31001614
30914587
30646957
30720046
30851348
30607630
30517893
30555256
30815792
30656035
30853812
30885251
30859026
30519047
30872694
30800487
31064095
30719718
30794107
30825969
30904218
31032048
30691056
30733763
30912347
31115172
30639801
31046808
30668110
30756183
30552471
30857225
30728048
30675193
30721442
30585209
30592625
30624689
31058608
30679171
30680057
30636932
30922347
30809312
30536017
31091002
31096897
30509771
31003445
30988648
30777292
30779650
30651572
30697074
30957572
30526449
31093280
31114323
30963630
30771877
30489512
30885980
31012964
30932435
30972520
31033809
31068065
30610551
30632311
30785026
30629138
31118200
30880110
30607127
30782713
30800039
30519542
30511368
30906661
30618123
30792812
30964044
30931785
30498415
30823950
30587728
30816548
31028273
31029558
30591860
30962496
31013810
30514902
30753408
30664196
30719562
30947482
30535532
30776776
30609392
30980584
30740056
30520112
30796113
30588127
31084743
30901675
30655732
30523727
31121092
30554731
30979740
30548409
30716190
30731400
30931358
30718260
30685574
30607440
30631043
30999925
30497018
30772927
30783389
30814110
30487907
30898149
30646562
30763573
31003402
31070493
30968979
30924377
30497520
30954939
31076105
30864529
30745829
30956192
30518616
30927444
30770562
31062107
30582975
30739992
30871490
30582611
30985415
30568294
30634515
30545011
30524913
30984969
30671803
30765674
30541316
31033015
30979090
30570763
30940449
31052256
30771458
30936739
30941553
30884986
30918155
30829610
31014510
31092421
30542721
30724657
30802519
30680942
30983509
31040742
30525751
30955184
30816511
30896795
30652574
30533999
31044513
30706631
30719169
30979659
30662642
30897948
30586919
30959524
30660654
30826569
30767964
30831642
30904981
30835381
30681901
30597111
30653831
31071571
30729082
30665684
30978702
30842142
31097081
30837276
30613979
30507480
31028203
31008009
30997623
30716387
30821518
30497079
31077609
30721443
30832378
30903273
30761438
30656231
30651374
30830830
30658681
30961479
30511966
30572747
30600192
30937658
30589782
30739230
30911833
30947889
30767959
31007981
30590004
30642760
31104984
30868399
30777268
30759059
30717110
30928277
30941068
30702655
31035321
31067289
30673075
30539699
31006089
30616442
30733688
31013756
31014048
30538894
30583807
30746662
30711406
30603997
30723737
30682001
30673343
30692381
31112577
30709862
30848018
31075227
30697731
30691683
30613774
30610489
30789474
30651894
30665374
30893688
30648199
31029033
30515461
31032820
30844743
30514345
30991278
30903492
31095043
31057980
30488455
30811290
30591037
30660694
30888527
30811717
30938104
31115305
30997786
30940661
30638972
30720231
30833174
30537965
30885938
31077086
31096176
30868052
30545127
30959186
30711000
30700046
30530609
31057489
30642833
31015135
30844721
30558184
30672978
30946903
30555941
30536119
30585668
30816355
30637795
30610488
30636383
31069596
30971545
30935866
30814001
30558303
31016725
31039920
30597640
30546457
30941644
31079956
31083605
30564555
30596892
30792572
30535476
30941945
30709633
30999777
30637839
30941613
30709804
31015230
31028607
30823486
30651729
30534999
30833920
30619625
30511589
30586661
30919536
30667505
30643816
30695671
30742565
30589788
31075046
30985089
30799096
30489514
30949885
31022370
30663203
30952871
30995775
30500379
30952040
31114245
30625008
30969826
30544201
30773422
31049497
31014911
30782165
31007807
30864655
30796568
30557099
30628927
30806923
30577438
30789639
30717704
30719555
30729166
31108169
30858262
30700357
30520849
30889415
30539829
30569663
30627321
30970601
30583560
30760275
30888406
30815387
30692501
30726084
31060056
30848493
30964716
30563849
30588619
30655289
30602804
31075727
30539868
30503941
31033811
30802640
30675251
30611984
30530296
30547399
30771195
30504085
30590999
30867739
30513833
30897102
30530530
30845991
30523819
31098718
30734013
30550924
31082503
30517932
30679450
31046734
31028134
31063517
30766614
30588080
30705370
30519034
30798931
30666484
31037030
30952039
30817553
30947902
30661057
30685085
30826525
30639377
30906636
30506455
30555079
30638182
30607119
30808510
30627023
30778143
30707455
30714077
30841523
31056795
31015199
30764801
31077474
30759058
31078737
30635336
30739826
31114019
30717801
30814639
31119682
30592128
30927264
30547284
30523967
30619759
30802293
30830323
30594325
30913864
31079283
30961661
30849621
30557053
30828881
30678414
31000690
31000399
30976492
30562769
30832580
30992422
31074948
30753819
30772138
30488730
30781614
30572144
30918918
30691791
30855396
30486577
31078449
30878299
30853114
30881845
30647080
30969981
30510762
30854047
31081797
30646110
30655754
31084542
31012959
31001691
30596107
30717562
31041749
30941235
30927586
30698092
30622040
30496449
30971831
31016642
30831018
30948223
31118691
30594747
30606720
30533260
31050357
30811287
30510246
31068190
30871273
30902573
30932369
30594212
30837424
30645775
30798445
30566233
30891097
30903749
30559210
31060575
30723304
30657046
30735795
30652415
30796975
30514199
30702971
30686731
30570848
30839426
30571202
30742860
30805963
30553106
30887930
30980230
30591655
30553342
30953488
30846554
30765775
30889755
30510455
30551009
31028961
31063404
30613163
30764859
30602059
30680478
30949446
31032556
30678070
30820105
31025400
30739033
30558191
30810021
30599223
30555254
30501440
31099863
30829854
30676954
30835501
31120790
30621498
31002656
30556740
30981417
30604044
30786012
30659908
31112363
30914433
30842344
30907570
30629092
30880686
31062375
30588710
30738402
30707763
30820185
30708264
31008025
30996140
30729807
31068469
30784282
30656087
30952749
30631797
30707415
30912417
31104059
30486608
31096764
31003050
30569264
30957505
30906311
30687631
30792738
31104757
31088823
31048139
30930249
30559830
31041547
31069156
30958084
31063083
30838549
30525293
30686622
30928763
31065872
30636020
30824098
31009516
30698849
30754719
30887752
30887736
31063487
30614364
30552871
30551875
30499597
31075657
30811267
30855757
30577662
30688717
30552672
30553652
30798369
30771277
30743214
30951959
30528044
30662981
30817585
30826489
30587795
31058090
30639373
30643150
30918246
30894531
30993195
30769238
30744636
31009812
30668646
30645008
30909550
30914552
30924556
30793156
30608527
30807702
30952728
30737785
30555580
30502650
30625181
31104826
30670488
30692818
30613295
30601264
30931495
30791697
30817999
31017311
30846296
30525870
31066051
30500622
30941651
30704493
30589925
30738630
30565087
31001478
30875230
30536579
30814728
31036836
30803311
31025887
31087408
30718646
30942272
31090242
31092915
30580607
30968590
30846226
30841943
30840203
30574021
30609540
30800172
30648316
30659129
30790335
30559289
30545896
30612114
30771577
30506175
30612783
30499692
31101115
30881377
30663422
30657852
31017883
30701010
30849944
30793153
31062730
31046666
30795751
30906573
30993001
30565970
30817554
31075378
30851587
30519090
30806045
30734015
30997581
30825841
30701419
30979041
30521571
30569599
31110585
30517191
31029232
30890503
31000696
31044307
31058049
30943750
30540598
31106385
31025467
30892659
30881130
30649964
30951236
30986357
30944145
31026062
30709378
30829858
30589600
31038398
30570037
30850279
31098983
30798422
30983297
30877256
30896886
31032616
30682163
30890370
30642363
30869771
30528598
30791501
30558624
30846393
30819448
30589771
30497530
30563570
30810339
31072423
30713794
30907805
30539851
30903102
31015179
30696800
30977015
30667212
30555938
31050171
30703486
30957286
31083288
30696460
30610526
30671144
30587589
30694767
30622026
31030499
30867030
30944612
31020504
30637027
31037219
30702160
30529008
30503385
30939535
31110734
30795956
30944963
30523996
30969390
30657636
30712288
30664189
30758912
30588019
30904700
30573691
31079793
31045505
30512975
30576544
30508696
30944616
30729540
30912920
30583472
30711354
30720957
30957988
30571614
30563991
30962043
31043427
30686591
30883342
30746834
30846172
31058868
30799142
30949412
30977048
31025302
30562192
30884131
30602372
30575301
30838131
30593756
30657980
31005475
30842181
31031563
30925115
30638810
30772191
30803098
31101121
30678383
30888509
30578354
30782256
30895601
30575330
30900387
30612533
30879223
30874977
31011956
30693271
31082761
31103891
31015833
31121562
30860872
30719110
30889627
30673339
30792074
30999962
31019439
31041842
31053808
30987448
30803217
30616390
30500952
30617925
31080459
30924138
30603659
30745086
30700575
30512095
30716619
30647841
31065692
30554276
30940996
30867049
30832521
30498990
31012144
30909366
30866857
30633331
30761763
30592120
30889355
31027364
31003514
31025369
30807646
30598340
30638808
30894706
30914543
31015317
30920166
30542705
30691044
31113967
30899928
31027137
30993927
30793595
30875879
30806335
30837683
31084432
30977227
30489498
30794536
30557917
30815205
30770770
30810437
31104540
30698259
30895928
30508942
30591862
30713605
30705280
30670633
30860453
30987380
30654518
30511654
30566471
31120571
30793303
30720863
30810966
30523754
30711063
30770492
30723983
30665861
30867406
30865923
31072345
30984302
30583682
30995943
31091671
30621698
30827728
30878832
30887500
30698638
30550871
30918282
31034992
30935864
30691241
30948840
30900138
31116603
30720232
30778854
30824588
31002135
31001613
30856589
30545682
30655877
30741937
30945586
30682853
30867732
30559073
31075882
31006103
30643451
30675447
31025237
30926202
30875085
30527351
31066855
30822178
30741062
30836972
30766661
30790097
30723175
31032222
30627418
30701989
30846603
30753459
30896661
31114382
30693880
30638093
30892719
30667368
30799772
30511971
30607157
31050813
30720718
31050919
30614225
30611228
30737644
30977025
30586922
30696302
30871770
30848576
30562125
30787235
30921980
30642388
30909667
31055694
30824471
31031124
30555156
31064848
30797986
30989606
30790050
30726216
30777274
30583679
30927112
30958327
30522045
30603618
30679649
30740682
30500985
30636852
30988066
31099061
30655323
31099568
30691317
31019547
30907563
30645202
30897409
30599233
30704663
30893476
30858505
30593161
30932866
30607556
30678659
30584782
31029065
30678433
30977671
31003528
31029049
30737031
30602686
30906967
30896874
30678455
30521149
30609717
30983161
30817550
30740647
30961511
30578902
30524034
30746635
31018569
30706176
30871682
31101124
30873869
31019440
30595381
30665266
30854706
30524637
30934784
31052313
30568591
30641862
30905701
30913171
30759347
30672056
30998372
30594914
31013662
30570740
30696722
30662594
31016506
30650045
31059050
30518672
30715928
30854362
30507996
31081603
30916835
30800714
30745110
31119998
30854662
30646734
30537619
30684421
30521006
30609982
30735899
31011830
30975216
30989927
30621962
30915228
31066241
31008727
30577584
30796106
30525123
31025693
31063756
30611056
30941174
30520963
30896652
30596311
30883028
30734686
30561604
30601244
30887224
30858559
30526633
30651848
30716137
30925382
30730268
30728717
30528798
30913054
30936085
31097774
30633282
30608397
30955691
30786890
30815167
30590302
30850011
30694012
30851629
30909401
30873289
30503863
30506984
30866650
30903363
30551532
31092377
31106635
30647853
30687630
30524164
30708354
31086333
30504372
30816366
31034604
31069589
30639386
30867822
30693504
30636289
30967631
30926313
30898150
30581520
30790593
31121525
30935715
30668401
30541660
30721748
30832263
30537646
30583459
30810391
31061694
30834831
30498423
30659022
30805611
30783853
30817556
30629136
30925779
30662586
30529766
31092845
30992253
30519039
31092347
30576983
30562305
30636631
30584819
30712197
31044703
30868330
30542725
30499465
30711685
30821186
30906622
31121489
30621163
31096843
30558510
30826935
30931995
30548365
30982979
30835827
30770265
30793795
30925533
30560459
30543017
30769131
30758703
30540356
30904619
30680195
30609526
30619743
30655324
30783509
30981834
30603996
30542925
30741542
31117030
30524949
31066184
30570229
30718334
30850895
30498426
30805870
30633973
30802401
30664168
30658316
30962783
30741437
30836308
30763347
30580635
30653426
30680204
30546951
30799950
31004634
30514852
30721706
31073355
30770730
30625989
31013702
30610824
30663827
30514267
30942005
30798079
30737910
30939754
30811732
30927930
31060560
30637253
30745134
30552733
30542840
30508377
30611011
30844755
30559782
30885118
30511022
30708938
31079422
30833163
30578966
30918533
30742303
30845764
30739738
31041650
30489631
30901915
30968154
30912414
30759820
30541747
30971760
30795783
30858726
30524923
30638113
31014367
30791568
30847721
30952752
30755651
31064156
30541574
30564631
30591991
30632832
30661748
30832620
30690254
30816353
30652024
30526229
30566762
30694556
31015424
30776132
30735730
30888194
31018636
30921233
30663743
30760517
30590056
30991021
30693167
30783723
30546116
30561010
30978608
31018647
31103811
30952637
31093321
30629139
30625156
30930305
30688115
30993885
30855386
30800400
31052147
30715396
30956955
30916574
30498281
30841783
31006681
30515157
30973790
31084756
30689164
30724981
30848548
30659932
30968746
30805775
30771009
30712198
30926986
30992181
30728358
30859354
30623533
31104192
30651947
30884030
31019441
30733644
30509091
31073793
30927090
30852760
30551506
30998420
31078462
30926401
31083152
31008372
30880791
30488868
30624768
30836927
31033498
30919252
30563826
30594038
30932749
30846706
30992644
31049504
30918328
30810967
30919166
31103853
30711799
30873967
30683809
30596803
30954508
30713414
30817169
30804130
31094125
30627694
30944831
31071331
30734152
30847663
30822674
30989585
30747329
31001609
30905536
30646862
30977676
31046737
30809286
30544833
30682342
30860954
30824956
30976078
30998805
30527457
30982097
31082811
31026759
30833575
30779693
30967627
30945294
30552707
31091437
30833045
30862027
30650245
30801718
30981815
30936413
30590459
30910053
30999000
31049740
30920216
31060973
30950354
31087439
30696922
30892954
30601740
30832689
30678441
30729154
30673872
31033812
30920879
30669032
30993707
31039059
30849520
30889786
30700930
30588487
30657190
30971775
31077182
30569442
31069566
30891469
30853347
30518523
30622657
30833579
30620412
31076901
30975536
31062594
30939091
30498869
31119565
30577031
30720056
30936431
30844741
30675929
30929116
31040664
30652929
30653197
30638809
30806290
30678048
30547208
30593516
31120387
30935019
31110717
30632337
31004402
31086176
30796156
30962961
30589645
30778374
30661625
30888545
30585768
30910960
31036695
30725410
30569402
30737670
30770556
30515449
30672060
30680688
30914603
30746499
30848467
31118795
30632269
30858133
30693767
30541753
31057895
30543822
30813073
30747782
31099663
30989461
31073391
30954648
30943039
30732503
30978537
30583289
30532788
30905866
30862720
30541878
30520995
30734632
30963339
30498315
31048852
30992708
30719695
30808230
30560347
30930100
30581709
30733759
30535461
31102467
30938815
31002563
30486620
31018242
30830375
30872402
30843866
30962228
30569152
30925376
30914565
30535121
30596981
31028902
30956191
30592628
30943923
30792612
30982079
30511965
31010819
30982901
30721891
30877449
31064780
31049829
30954761
30864744
31072371
30703119
30717828
31093512
30776558
30606355
30619088
30618384
30887825
30922362
30674122
31060669
30624095
30785020
30604000
30738513
30925510
31001932
30774541
31095287
30554343
30570412
30557707
31020418
31041683
30741424
30605687
31070751
30820774
30927317
30520529
30887122
31089409
30598507
30883246
30721041
31069157
30712797
30522347
31026346
30832865
30614229
30673873
30850140
30632318
30919269
30511892
31038669
30974862
30544057
31008668
30516854
30741325
30612216
30504094
30772115
30938759
30604894
31016686
30982196
30878502
30503556
30974831
30945389
30657565
31100200
30661346
30845971
30570350
30497494
30616080
30737679
30764554
30541308
31108260
30552595
31025517
30946726
30816333
30537762
30759222
31108156
30803554
30844429
30784848
30660701
30654146
30795951
30980209
31092426
31102922
30929377
30905597
30596096
30982232
30948744
30867411
31007850
30862141
30901076
30800682
30943496
30873970
30670688
30697295
30671547
30665442
31088846
30692489
30999875
31055047
30728902
30652589
30905183
30622177
30596830
30706875
30691788
30923913
30547959
30761439
30744578
30641299
30931280
30654190
30539826
30712354
30641460
30746633
30945388
31061628
30501602
31105877
30981992
31069004
30736469
30850181
30683677
30909165
30676941
30778520
30617304
30827931
30963646
30955359
30514398
30956612
30664791
30532667
31101994
30807546
30826510
30592377
30632021
30497991
30902796
31034299
30560091
30509086
31067790
30625499
30890124
31007960
30680817
30915350
30680866
30883598
30666318
31061680
30728496
30930932
30967997
30745395
31021535
30720785
30996680
30558648
30802806
30503555
30730005
30687318
31059967
31042767
30641244
30864832
30715175
30737056
30792810
30923730
30591093
30897708
31023256
30728047
30991713
30987650
31037905
30850029
30697531
30659804
30666836
30904518
30553399
30733278
30936037
30949414
30991022
31098836
31062858
30487966
30680617
30938630
30511015
30922805
30621638
30563501
30607817
30962965
30885367
31031757
30893306
30569120
30785332
31107111
30922804
31059453
31033288
30974324
30915385
30580606
30633368
31084186
30561073
30706213
30544916
31075671
30722113
30587208
30521029
30939038
30585963
30666608
30637599
30626888
30519623
30851384
30701626
30972823
30838727
30935400
31053945
30805773
30496809
30958889
30648502
30753261
30556899
31077093
30880483
31023557
30884851
30526520
30776884
30866997
30662379
30542956
30982094
30573287
30506112
30786682
30643287
30519334
30671766
30718315
30670982
30599108
30916359
30775882
30992266
30969129
30722018
31050088
30952705
30782751
30591993
31074748
30962828
30712469
30948450
30874369
30515679
30673612
31026614
30646630
30754960
30981459
30513511
30993488
30528977
30654765
30880565
30996788
30788287
30640059
30735212
30513058
30598709
31000070
30514793
30904416
30924355
30871186
30860945
30869875
30949413
30500835
30546830
30543116
30853730
31013830
30713130
30692632
31069686
30617699
31014286
30615637
30824191
30691931
30881131
31099662
30596083
30535769
30572532
31111198
30679303
30889150
30580630
30779660
31106611
31060647
30896640
30782852
30983941
30902128
30820926
30783124
30641355
30595340
31116044
30926671
30780085
30909665
30698813
30905043
30538501
30641176
31099281
30985592
30883132
30819378
30771047
30559551
30738640
30500458
30526227
31104690
30756531
30509754
30570847
30859328
31092464
30808421
30613943
30713775
30877191
30607629
30905671
30728840
30892700
31011321
30973777
31100839
30661652
30842157
30770396
30502641
31073859
30690891
30890318
31039404
30909876
30920169
31055108
30523468
30916356
31080076
30825052
30925291
30548200
30940821
30617406
30861567
30993482
30992017
30917004
30880628
31006104
30932013
31004251
30620117
30636872
30670568
30504841
30497437
30594216
30741951
30699973
30536176
30708133
30771992
30585971
31113938
31086605
30608451
31100143
30798049
30968427
31057403
30655810
30782548
30538890
31006839
31026090
30548840
30901274
30621214
31109134
30878429
31015319
30735802
30529400
30570358
30946582
31034927
30821131
30785027
30835487
30575878
30573522
30994574
30877108
30666157
30867824
30851899
30770348
30679788
31096822
30715658
30797818
30868423
30877888
30922623
30498297
30884326
30607163
30730790
31046387
30719155
31003994
30613308
31007916
30586414
30882337
30589787
30624592
30853307
30505260
30734859
30625040
30855113
30703411
31094668
31119208
30561018
30985249
30854233
31114314
30880516
30594392
30683449
31041685
30781465
31023696
30721135
30953709
30888555
30652068
30851086
30560462
30538516
30899639
30896800
31046118
30543720
30563531
30713597
30872660
30969270
30697268
31099648
30517965
30832393
30882861
30557052
31088107
30864723
30800300
30604733
30742731
30658289
30835567
30878300
30627325
30840488
30877596
31052551
30733078
30499075
30611562
30728015
30990436
30745299
30885081
30546293
31111350
30935548
31085100
31082491
30539380
30921114
30488484
30881916
31062358
30914849
30597404
31085285
30528609
30678381
30858992
30542816
31050424
31120970
30582912
30651924
30972954
30538650
30972106
30912943
30733420
30908403
30697408
30736340
30807927
30573243
30874560
30587555
31030483
30807934
30986716
30607632
30911337
30546445
31019194
30537139
30718985
31053481
30970220
30723793
30593749
31011629
30716440
30517521
30562320
31037155
31116084
31078377
30920624
30742607
31047102
30927689
30506949
30582017
30914174
31063232
30663197
30913132
30718114
30944632
30946501
30699854
30590398
30497795
30808774
30830488
30938217
30859355
30741659
30528092
30583686
30659093
30609867
31070356
30662567
30635280
30583690
30826777
30760421
30507322
30844224
31041192
31003475
30776733
30520184
30796654
30601841
30653031
30688398
31044017
30788096
30824486
30964816
31015393
30543015
30989234
30860683
30567518
30982326
30911915
30618185
30635338
30915533
30716294
31121227
30517310
30837432
30948602
31077746
30657758
30515367
30756285
30819618
30583076
30545591
31073170
30697078
30689358
31016867
31060469
30956175
30685490
30914619
31095925
30626434
31121213
30515066
30998527
30990147
31120575
30545395
31001053
31082724
30556014
31074399
30591472
31040927
31012733
31075141
31010684
30507500
31071370
30707464
30935944
30796967
30854057
30854034
30635945
30596216
31011317
30486631
31085166
31119861
30606283
30930224
30902883
30595224
31100952
30876462
31006821
30901766
30521927
30957764
30580266
30632000
30692100
30804505
30537815
30670066
30701431
30855280
30579335
30917858
30886344
30913528
30567584
30765411
30629215
31027671
30522552
31083157
30840327
30945115
30640136
31007771
30573802
30518736
30615983
30628071
30576863
30753636
31115482
30591480
31075214
30774422
30648789
30914796
30648081
31101536
30871497
30929861
30915663
30671101
30555632
31082916
30505171
30681222
30513999
31069862
31045512
31101122
30978468
31059049
31036541
30765238
31117166
30567112
30923326
31103947
30852974
31065953
30678974
31048083
30765672
30504427
30673898
30989751
31084760
30486865
30807208
31121299
31033462
30646103
30809307
31061501
31089269
30826970
30587404
30762400
31060392
30855754
30796119
30888867
31062127
30970626
30647078
31073144
30856210
30627762
30771516
30881360
31089343
30900137
31036036
30513229
30703739
31119730
30561105
30954944
31119461
30583963
30601454
31114020
30939140
30592640
30787877
30659204
30777106
30898109
30973665
30743224
30498371
30862637
30724741
30845651
30567280
30692393
30553002
30562143
30905274
30502282
30515788
31120124
30863158
30962267
30826934
30521987
30866506
30895169
30629204
31102102
30719698
30761130
31082188
31069168
30593401
30607161
30857267
30930987
30897176
31081184
30633326
30663337
31069590
30563667
30691930
30728331
31040905
30759253
30665463
30868393
30886438
30659267
30820922
30798159
30912014
30898152
30868953
30489515
31077936
30500781
30941241
30827998
30934592
30999914
30655808
31025270
31028060
31118664
30609907
30767860
31101800
30523050
30620711
30588247
30971201
30763176
30830538
30976601
30944992
31015482
30976660
30506110
30937601
30524037
31112044
31058255
30792473
30782572
30948791
30776506
30855173
30621982
30977028
30941229
31095923
30771221
30578253
31109692
30719138
30851359
30783867
30653109
30543347
30930117
30500981
30723794
30722112
30769905
30707948
31030467
30707844
31062143
30519023
31111605
30710242
31001821
30923351
31025271
30905927
30948876
30953767
30901941
30857937
30608935
30953186
31054158
31116589
30781890
31066020
30889862
30894928
30616077
31114546
30497305
30637700
30754661
30720049
30564749
30649385
30759864
30529304
30832622
30817552
30940549
30823477
30692208
30997691
31077613
30538297
30993092
30983100
30676818
31060175
31064127
31082867
30811750
30725383
30576620
30868011
30659304
30881011
30779920
30968603
31093677
30992324
30730764
30949915
30850915
30875061
30632023
30516668
30703693
30937659
31064888
31002134
31059752
30813966
30927244
30614523
30692504
31040181
30734171
30875412
30770371
30583848
30933648
30976540
30613669
30737380
30538116
31107194
30678449
30497328
30989176
30707908
31066294
30941238
30915869
30959966
30668270
30862719
30712234
30604153
30952431
30602375
30890942
30829654
30569509
30648967
30770135
30647438
30856097
30711773
30993546
31022930
30585752
30813947
30542388
30848216
30828076
30711522
30536374
30615483
30906168
30594032
30589032
30789475
30545644
30707352
30635277
30803095
30943919
30683095
30949339
30703670
30993436
30624618
31088422
30675265
30684066
30683316
30911957
30863015
30825809
31106014
30569947
30664119
30607469
30949852
30917548
30912122
30554026
30717833
30622925
30834494
30987266
30534157
30511242
30917723
30819451
30992421
30737477
31040716
30792811
30821641
30832747
30608560
30537165
30599914
30993801
30510992
30719171
30631046
30729279
31066287
30610812
30620608
30817848
30675444
30502484
31097753
31005176
30730494
30613863
30533440
30506134
30630310
30873170
30544196
31038111
30959874
30718792
31107526
30857734
30874405
30641908
30803197
30676688
30810823
30978432
30527656
30616640
30612273
30921210
30517824
30872657
30568509
30692487
31119784
30724926
30993572
31001615
30952252
30691409
30987661
30806213
30840721
30980863
30786199
31007610
30950543
30513096
31042625
30917028
31110205
30504388
30621769
30624770
30745839
30838090
30755309
31048084
30898381
30863156
30689033
30987873
30999007
30641124
31000084
30547729
30536446
30659734
30741121
30732156
30629137
31030479
31088535
31028743
31093906
31019443
31078043
31014259
30640465
30574643
30879655
30962588
30923627
30804430
30599855
30636869
30945992
31114347
30598076
30610655
30543699
30939353
30756509
30938887
30841919
30882204
30742410
31008928
30979843
31040199
30793024
30829609
31001616
31063823
31120565
30599017
31018950
30918259
30504391
30819504
30855393
31063799
30864836
30970638
30947110
31034591
31017574
30954728
31030116
31099796
30733547
30982124
30909683
30915444
30887847
30977769
31104173
30922048
30581912
30606204
31030473
30720048
30550003
30626327
30746637
30887707
30692296
31030376
31090829
30581482
30659851
30599775
30567426
30588834
30486382
30536934
31031810
30815491
30527950
30771433
30790304
30558672
30976361
30946539
31008526
30988805
31092391
30510343
31113350
30689382
30678836
30826527
30708037
30997742
30653481
30912010
30781624
30951820
30858036
31025581
30527495
31033361
30874905
30497914
30878446
30546832
30526398
31013812
31070008
30893315
30901292
31057102
30686632
30802811
30616358
30856618
30654667
30929013
30935690
31121237
30955365
30700356
31019442
30977385
30843493
30620218
30681279
30786684
30691664
31068019
30797468
30655674
30604321
30948894
30580675
30705591
30570056
30767102
30972643
30730767
30767333
30789652
30763188
30857277
30655801
30970202
30590041
30843447
30963568
30535436
30874392
30834780
30585673
31074069
31057406
30829962
30673971
30850359
30795923
30875371
30660598
30587540
30700756
30789253
30773992
30538544
31062148
30512231
30488222
30867597
31086659
30650517
30674757
31073193
30613165
30846411
30495975
30658716
30794318
30651856
31033073
30498279
30556208
30783858
30813844
30535463
30659466
30691793
31037152
30583674
30686547
30497402
31070509
30867034
30786188
30717605
30607166
30808195
30524952
30847025
30798309
30923359
30935371
30595753
30747993
30512191
30922379
30584711
31096623
31019204
31118607
30815062
31090328
30929464
30636342
30487134
30956833
30621753
30547271
30608139
30817954
30670627
30817908
30944403
31087448
31018038
30521875
30975921
30580920
31098730
30946460
31087707
30988371
30683807
30830863
30822713
31111759
30859189
30623789
30671931
30498870
30893685
31004301
30833270
30497674
30977119
30620659
31045450
30536182
30580030
31011566
30797711
30578624
30708199
31065958
31037968
30544377
30697055
30607158
31003971
30972198
30871042
30944627
30726707
30514153
30801832
30488832
30762109
30914473
30832287
31037247
30655172
30763392
30570007
30707774
30928405
30803084
30681998
30719390
30715169
31012033
30803216
30866526
30614867
30698065
30596073
30575441
30669418
30630199
30825614
31102367
30518186
30569241
30941443
31065873
31089340
30873510
30498011
30593953
31065446
30536354
30656896
30686017
31059401
31040786
30550346
30933651
30655322
30515357
30682003
30773019
30771192
30529389
30817981
30529987
30589057
30819649
30854809
30842061
30701099
30554720
30851382
30682851
30828996
30817557
30925417
30809794
30990841
31015114
30815376
31081967
30607635
31039960
30876399
30944668
30656969
30802872
31075687
30851880
31045429
30627239
30822176
30684233
30957059
30759381
31078418
30630872
30587593
30977117
31069318
30865716
31080976
31099354
30554948
30937834
31115623
30523726
30694156
30906829
31021840
30917581
30641300
30806523
30622172
30917115
30774431
30719214
31083559
30707335
31004782
30820221
30789476
30953646
31037749
31061067
30813476
30936439
30840889
30842160
30772928
30848521
31023247
30794303
30573692
30611839
30830848
30918274
30944316
30969015
31028957
30700319
30807548
30832411
30904483
31102089
30855384
30707565
31074238
30746067
30984711
30541383
30808819
30963551
30959904
30851420
30537987
30887043
30913468
30731361
30553478
30996573
31043819
30651129
31001608
30654475
30573798
30704458
31079234
30712556
30848103
30727980
30619763
30826512
30990042
30632590
31003917
30497928
30588255
30692502
30882627
30719136
31030314
30734437
30874927
30789284
31093671
30988233
30535581
30551502
30665445
30535550
30583338
30862228
30799940
30795773
31064851
31005219
31038664
30586508
30616060
30633527
30573183
30639525
30634506
30577708
31066145
30649743
30796123
31114370
30872466
30737205
30683386
30724704
30802972
30796030
30898553
31078431
30520109
30737568
30958549
31028995
30817647
30859564
30654364
30584056
30737527
30800488
30524888
30694105
30508637
30914555
30638766
31046482
30816904
30894144
30636441
30503975
31062522
30617775
30636005
30806921
30516396
30694572
30520756
30498666
30930027
30914279
31114301
30689492
30599016
30621730
30643781
30683817
30616754
30721962
30886065
30666854
30592710
30618169
30735482
30709772
30487595
30781804
30709621
31085433
30817555
30947698
30711959
30696466
30655532
30954620
30733496
30613291
30946409
31093963
30679104
30860617
30962169
30882262
30642093
30987013
31087199
30816932
30842167
30773731
30639155
30598641
30618237
31121392
30759125
30802231
30916427
30523235
30978121
30507376
31012084
31057616
31097477
30573450
30884207
30527804
31012189
31038252
31075670
30848448
30673047
30644239
30800581
30701690
30696074
30882890
30525772
30707336
30518272
30694429
31039369
30675513
30887387
30584360
30910994
30674939
30655757
30858900
30983210
30573731
31042744
30909205
30734110
30753167
31026118
30679879
30659735
30847021
30512092
30683611
30814872
30671767
30945399
30808377
30903676
30593552
30724621
30913027
30800329
30799160
30627246
30589035
30941950
30892774
30553062
30715161
30685576
30787639
30871151
30717832
30513223
30827708
31046153
30963705
30588094
30929420
30949688
30902074
31019021
30622271
30564470
30655766
30658597
30639524
30833990
30933888
30981803
30708267
30626559
30529546
31007702
30825204
31019444
30975391
30877976
30853646
30744493
30560460
31069942
30580169
30599756
30692674
31044698
30586102
30563414
31104762
31052438
30861276
30897298
30798640
30543781
30897152
30655699
30736836
30523909
30562512
30536128
30760114
31105883
30945727
30983539
30632020
30854935
30720068
30996114
30789657
30842046
31027259
30831408
30552644
31112183
30788654
30977026
30999884
30608418
30744944
30630747
30842150
31107726
31038410
30525025
30922185
31115573
31097340
30972199
31043830
31110650
30527300
30652619
30747483
30620107
30976199
30559169
30692341
30714292
30897768
31087426
30977027
31066091
30702862
30953473
30658428
30956772
30653209
30834064
30957343
30692486
30934021
30854423
31086462
30623751
30678934
30531861
30823902
30565621
31082270
30746394
31015465
30981841
30517393
30605519
30922314
30941650
30643217
30652559
31076513
30871556
30948704
30536376
30524958
31103789
30952880
30924997
31001611
30866717
30832243
30825183
30896987
30910842
30551628
30655876
31026757
31082421
30840729
30721373
30778823
30762525
30616553
30725480
31078644
30760814
30949799
30675245
30509735
30766560
31081222
30845103
30612941
31104457
30677483
30977393
31065452
30716054
30998694
30739034
30842593
30648523
30969075
30800037
30661303
31072015
30608512
31078172
30746305
30592261
30578310
30582571
30707773
30533243
30733293
30566156
31102090
30765656
30949290
30526696
30655550
30604896
30627350
30656230
30799262
31068665
30942630
31015772
30853353
30882867
30846725
30813300
30835256
31022492
30927251
30881110
30962766
31038433
30660179
30694277
31005647
30833486
30697071
30627543
31027221
31115907
30717675
30952716
30555232
30737426
31004710
30580371
30893604
30578311
31032574
30633334
30909669
30947890
30866499
30693603
30880457
30876993
30698887
30488345
30688660
30845999
30500680
31081100
30818031
30603144
30574232
30523409
31091374
30852843
30990075
30523459
30498031
30867140
31014273
30783107
30927243
30950107
30816059
30788625
30576797
31001650
31081954
30671384
30818840
30604486
30675242
31036213
31030498
31049411
30713780
30577860
30982153
31042781
30777808
30496936
30972612
30871004
30536209
30578070
30852575
31078840
30521123
30920061
30685585
30689149
30855755
31048190
30796652
30662628
30604397
30613618
30880482
30733051
31104318
30829072
30944074
30772936
31069797
30814440
30654740
30827763
30597210
30759328
31012970
30598531
30521671
30520193
30558095
30718545
30825404
30598067
30641655
30987214
30722970
30850363
30956264
30747373
30883646
30657225
30546963
30619277
30656147
30725231
30735150
30519923
30542553
30759288
30677255
30816352
30569330
30504407
30934972
30552993
30633025
30793198
31010740
30746634
30755730
30848403
30718512
30818220
30670564
30606771
30510771
30976105
30827047
31093243
31005171
30999843
30842126
31023337
30890933
30538472
30723293
30603838
30927964
30930851
30691817
30883986
30714487
30541352
30912412
30514270
31068293
30655984
30607164
30582015
30617760
30944244
31099174
30692675
30599202
30610433
31052435
30964885
30914557
30775929
30997011
30770490
30498424
30652114
30665944
30785024
31067025
31061322
30676117
30774423
30535933
30572702
30761294
30963174
30961445
31053963
30746962
30563978
30988073
31068089
30671411
30603710
30735097
30968063
30850490
31100936
30920730
30538117
30959046
30846201
30992473
30783148
30980039
30678432
30558195
30733321
31095082
31100495
30964550
30580238
31023076
30971929
30730288
30586411
30890167
30675511
31057972
30779932
30901475
30555637
31025150
30853302
30864510
31048274
30859749
31009762
31099688
30934018
30770797
31018068
30553767
30917096
30613869
30755716
31069334
30831350
30920802
30680053
30526368
30828302
30629686
30886521
30589768
30857863
30656832
30696104
30565390
31029261
30729067
30526604
31115856
30890352
30820013
31110654
30823847
30930984
30584178
30502362
30695056
30579865
30607682
31086100
30666286
30838023
30677053
30846514
30852762
30887136
30936743
31115051
30756279
30732888
30728901
30539373
30876538
30886831
30921705
30488532
30941948
30659876
30632703
30861043
31078569
31120902
30782783
30889346
30610486
30802347
30924043
30514381
31030532
30648051
30668632
30760284
31037755
30738577
30641704
30594200
30829272
31102004
30773770
31093508
30849441
31100935
30935796
31024543
30593422
30662522
30999672
30518369
30898978
30540295
30875792
30854844
31043829
30909510
30948902
30505272
30743057
30867655
30543688
31037439
30912407
30934177
30737578
30524893
30562147
30803223
30869999
31118783
30542507
30860949
30890553
30568280
30706682
30792347
31102318
31092374
30545372
30686051
30799248
30697073
30903745
30652576
30627695
30898866
30501759
30678966
30974976
30986342
31118247
30580958
30764900
30925280
30710068
31069183
31086347
30730021
31101240
31032902
30792381
30745071
31010590
30935561
30658617
30558043
31106924
31015096
30660004
30972286
30802821
30806011
30995937
30825473
30557918
31115845
30738829
30498190
30659130
31066140
30564955
30694643
30630267
30573632
30972655
30875106
30952634
31059237
30655878
31054358
30758835
31101835
30502437
30732971
30817075
31118051
30655614
31029063
30652825
30822621
30738517
30894164
30609207
30813346
30914532
30900188
30635808
30892931
30605979
31103113
30965554
30887127
30517643
30650534
30631061
30728671
30859353
31109192
30668548
30584072
30488431
30573138
30543666
30529626
30578411
30652594
31090274
30707920
30733294
30989580
30770489
30506398
31029168
30982554
30660590
30918839
30853805
30589644
30607526
30804429
30583339
30999135
31098991
30694446
31087640
30885275
30863160
30718451
30588256
30704209
31064401
30914152
30770370
30522989
30720441
30788949
30935680
30539854
30636001
31087093
30810041
31092275
30870721
30622118
30988010
31022191
30562756
30830360
30761083
30670780
31041852
31116801
31044282
30733283
31112086
30911062
31068300
31119570
30565572
30486745
30603873
31050911
30844507
30804874
31077489
31105621
30671699
30957305
30680712
30825229
30647065
30895303
30607986
30618083
30589822
30718355
31055704
31089812
30799070
30674653
30900910
30709841
31050885
31019892
31099634
30515503
30866637
31010230
30817587
31008546
31074162
30574046
31010289
30553078
30944712
30941908
31104207
30585595
30771879
30614862
30847340
30792346
30987772
30621641
30992322
31104332
30958561
31000085
30962086
30508677
30806829
30580368
31032221
30873119
30943738
30883017
30647855
30560881
31054835
30838092
30760122
31083638
30705907
30488197
30621700
30770369
30899304
30572782
31055936
30950070
30523413
30541318
30603658
30712467
30866472
30918829
30592274
30851393
30617675
30489511
31077885
31099009
30811091
30601268
31027678
30509329
31077783
31059536
30806595
31082795
30779651
30564115
30774081
30939479
31028487
30547321
31106266
30546795
30908205
30937166
31054147
30539315
30842252
30811596
30993450
30822576
30624213
30825975
30959180
30719405
30731397
30781792
30585292
30706613
30709839
30745135
30519340
30923832
31078657
30511241
30655995
31049200
30566803
30540869
31068575
31118093
30919324
30842127
30899247
30799695
30628707
30787127
30753772
31061667
30692654
30952723
30852786
30739532
30628666
30772444
30612123
30789190
30999736
31007067
30503134
30772679
31073911
30706190
31026352
31083717
30729798
30518104
30639522
30502358
30771511
30942001
30967409
30607631
31032186
31033476
30537986
30610588
30897294
30632645
30635333
30905494
30771997
30877496
30631415
30722683
31002855
30683749
30762724
30931268
30835021
30675516
31072507
31093281
30745300
30993802
30679100
30700265
30505186
30886170
30907968
31090900
31071959
30579125
30952377
30925542
31072388
30999301
30843932
30498421
31110566
30519573
30979033
30723523
30607634
31065237
30488428
31069246
30652620
30919143
30498278
30778673
30954555
30529656
30747634
30556120
31088960
30601156
30649604
31034595
30681416
30617815
30993643
30572845
30591439
30497246
30777364
31028609
30789866
30927589
30660473
30524636
30497501
30798446
30965023
31118807
30871025
30929028
30872561
30932362
30565667
30489436
30687231
31030667
30677865
30843622
30877649
30682679
30575917
30583687
31111608
30830684
30732640
30962849
30578669
31046491
30929599
30810187
31016780
31041851
30616243
30993013
30595493
30944620
30895900
30921203
30896471
30694203
30863980
30591482
31045531
30638694
30641647
30687629
30576421
31083193
30818165
30530574
30887756
30538383
31018921
30636894
31088428
30862604
30926634
30734304
30717256
30588010
30665751
30635397
30970003
30559028
30900079
30810729
30813932
30922023
31113336
30536528
30559662
31100639
30888932
30941232
30944574
30904591
30975544
30554174
31004257
30850587
30822721
30715172
31092272
30689105
30737997
30627623
31032189
30895617
30623411
30995391
30488035
30850489
30645633
31018580
30941313
30542502
30961616
30643454
30756265
30808252
30981032
30514897
30940798
30654897
30663875
30594607
30675956
30504704
30685868
30599833
30950932
30760632
30601585
30694684
30893632
30644455
30526359
30906610
30777101
30552153
30968602
31049776
31037032
30940690
31086892
30779946
30884479
30849662
30936474
30591985
30936742
30781889
30671130
31039058
30607162
30499840
30489242
31097355
30674338
30896531
30499763
30841634
30633178
30543491
31047803
30923191
31105872
30630801
30679540
30814839
30683142
30680705
31086113
30520984
31032883
30589773
30874469
30558398
30736752
30613512
30806704
30711409
30899726
31053514
30738335
30804502
30856208
30703373
30629454
30567057
30958629
30742065
30896255
30864301
30510404
31036441
30672411
30941654
30959387
31060337
30499204
30589516
30539320
30632669
30557851
30833157
30974190
31006773
30613355
30808911
30560237
30872176
30692217
30564348
30833076
30607332
30648100
30675279
31073787
30595378
30867801
30662357
30999077
31104928
30902354
30642840
30518158
30530612
30792417
30940648
30855679
30775416
30572486
30544991
31055570
30583340
30820448
30819377
31015167
30705789
31043944
30625999
30990221
30598194
30893896
31041190
30523794
30982576
30840279
31046489
30526358
30525219
30666287
31079896
30790112
30625226
31054466
30941240
30865940
30607678
30930933
31085024
31002890
30687632
30971101
31106142
30653260
30599834
30681035
30792808
30608607
30950929
30911477
30488548
30955355
30890773
30806920
30858899
31007263
31104001
30858925
31054086
30655816
31014671
30999717
30788259
31027437
31078780
30637230
31042319
31037133
30886160
30606259
30715929
30875891
30770083
31078448
30941952
30944027
31074627
30895596
30678630
30795953
30881111
31101455
30629220
30906206
30719209
30631111
30549141
30585751
31002873
30959550
31063527
30680316
30800667
30796221
30977263
30685304
31081129
30911020
30973374
30615416
31120873
30745422
30764928
30652428
30951390
30730283
30903975
31101571
30567344
30589232
30709367
30832606
30949798
30602267
31081240
30634941
30927439
30941234
30702458
30970201
31081095
30942454
30635656
30886117
30874767
30943576
30789269
30596499
31118055
30978524
30565790
30674353
30841601
31104050
30828656
30728458
30803931
30659736
30613144
30536764
30936788
30791612
31002019
30944011
30578886
30632546
30892083
30647079
31086616
31005172
30678976
30659433
30949408
31028395
30850485
31082762
30587451
31033511
30550925
31033414
31003544
30682091
30746565
30868394
30613798
30800041
30547810
30923450
30648710
30959742
31016202
31028999
30754684
31112942
30880824
30976645
30894935
30655555
30593750
30705751
30724640
30830710
30913217
30996770
30770677
31090961
30616892
31036192
30933890
30552485
30670771
30682689
30830536
31045890
30630443
30879160
30846507
30951627
30863898
30564357
30813173
30552829
30551374
30795784
30778696
30551474
30541313
31114311
30719868
30894361
30689685
30515868
30903856
30767568
31007848
30843272
30788837
30682127
30853706
30583667
30659557
31054583
30706844
30672016
31100139
30849541
30998296
30659094
30763338
30774437
31069316
30837677
30799874
30926774
30948047
30728656
30730864
31047896
30672995
31011914
30756328
31028887
30496011
30982797
30796496
30770823
30820716
30910714
31004549
30913375
30915903
30778169
31038406
31054369
30554919
31078586
30550258
30561713
31044710
31078067
30843188
30528944
31113450
30833431
30543050
30607947
30523021
30738536
30941237
30987974
30936412
30816435
31060712
30867803
30571163
30504242
31061676
30918879
30848213
30529356
30890551
31043946
30550481
30932411
31086302
30929590
30959218
30569141
30900929
30901115
31023035
30876667
30691122
30585764
30921433
30952750
30488443
31044613
30995855
30547304
30938542
30642399
30610490
31069063
30546460
30848041
31012504
30590031
30510851
30630045
31017666
31028940
30526228
30668131
31091559
30917509
30793226
30554376
30518416
30723928
31036715
30836177
30677251
30623230
30781364
30887256
30825262
30829269
30859033
30715794
30738806
30591866
30613498
30983298
30658107
30801960
31083196
30656609
30792101
30603857
30778250
30859170
30997359
30973656
30952976
31079343
30557378
30639877
31085426
30808745
30562685
30683148
30899170
30597012
30606087
30806044
30990940
30558581
30630562
30728399
30945949
31001703
30573685
30706142
31024318
30816795
31054432
30975199
30894541
30902832
30512093
30525262
30515643
31045985
30527200
30797947
30656783
30502283
30602435
30921730
30532072
31041174
31019277
30541751
30636051
30656459
30649302
30924821
30871966
30840266
30799393
30718830
31105849
30634170
30799556
30630526
31003020
30802056
30701092
31102132
30513626
30675480
30530636
30635686
30861596
30557297
31084693
30968733
30908483
30894594
30587634
30647983
30509973
31057402
30691666
30881995
30554535
30730863
30726999
30834436
30532191
30770545
30856154
30701941
30563890
30506545
30548515
31066251
30620710
30661662
31096565
30622113
30603606
30609936
30867784
30930994
30582135
30607176
30697861
30850595
30871481
30781719
30675261
30742256
30831640
30513496
31052484
30896449
31005169
31033813
30945393
30669992
31103709
30801016
30587637
30969999
30589947
30746659
30514977
30538221
31072418
30675282
30583077
30563275
30514556
30726072
30727030
31074067
30519100
30961232
30868895
30876970
30938900
30961509
30855756
30583677
30632300
31118047
30503669
30896879
30536320
30956120
30791936
31008533
30857262
31095530
31000582
30798273
31047968
30542423
30518089
30717651
30487530
30684367
30736279
30568292
31095268
31075906
30630679
31037520
30779124
30684020
30768781
31088372
30511058
30923113
31008544
31039063
30733649
30604908
30679435
30529259
31107981
31077301
30618899
30887400
30688876
30805394
31034298
30842125
31011671
30934857
30887250
31065032
30675697
31089868
30783388
30761532
30529760
30872331
30735946
30988811
30810413
30897020
31101027
30657735
30985641
30867728
30581199
31087576
30632004
30791057
30761703
30953170
30748038
30563263
30544398
30810890
30650410
30928930
30792380
30971543
31076546
30558087
30586495
30907808
30693115
31092884
31109041
30553719
30687806
30941999
30609732
31059075
30556331
30698719
31036830
31075939
30686686
31016232
30998723
30900382
30633912
30965315
31094441
31053636
30911312
30764728
30599020
30622304
30839008
30879766
31068224
30655298
31037185
30905520
31107788
30872752
30840191
30673016
30738830
30678647
31053688
30862505
30815800
30745580
30949404
30589826
30918105
30498417
30680610
31061459
30655292
31024530
30820717
30796052
31078816
30700614
30867005
30709929
30692339
30788254
30528162
30514549
30545440
30584261
30812019
31087647
30949079
31077481
30762235
31064781
30588086
30574018
30700373
30674979
30683810
30763332
30500586
30545954
30609062
30622425
30709230
30692488
30692519
30556432
30503237
31080959
30797231
30977582
30739839
31032557
30885206
31021464
31114229
30655112
30550372
30878124
30953886
30693505
30952726
30655072
30665063
30542377
30646864
30925636
30997386
31087800
30868392
30774382
30920124
30562149
30906504
30558192
30572598
30881031
31087650
31025263
30513755
30820027
30761683
30560092
31104310
30878882
31104012
30891171
30670492
30774370
30931626
30551077
30903483
31118141
31060628
30975761
30625139
31078459
30638055
30538888
30593135
30674756
30633899
30715083
30567088
31044301
30658422
30945340
31008172
30935404
30673124
30840336
30816360
30726865
30509870
30617938
30552103
30661404
30763983
30568462
31006930
30486606
30553188
30903421
30515800
31069617
31058544
30606886
31074248
30935525
30703111
30547358
30974372
30738528
30617496
31073405
30880072
30537505
30628124
30930695
30547842
30521986
30576846
30524169
30514703
30762872
30955230
31005745
30980788
30779657
30693189
30560466
30558679
30909112
30836970
30560124
30927355
30870086
30670171
30652562
30926206
30903140
31003140
30700309
30867002
30972858
30738604
31106153
30577988
30810334
30622437
30608412
30593185
30528802
31099801
30758044
30691008
30734334
30533942
30611917
30670058
30721620
30829942
30912178
30993432
30771534
30570890
30670152
30705753
30852874
30818144
31054427
31101954
30610782
30833944
30787204
30603900
30808546
31010150
30796734
31028192
30540358
31081972
30589775
30807209
31105428
30889241
30856107
30621628
30776968
30871590
30796353
30684465
30607453
30831392
30758813
30507749
30910979
30488462
31084481
30712599
30504627
30598998
31072765
30859788
31121430
30848037
30498970
31095738
31069148
30692297
30893699
30908615
30724943
30955185
30662029
30741415
30773657
30587724
30908146
30816509
30613646
31074257
30589146
30522515
30954386
30644264
30508885
30839104
30816674
30620221
30658426
30911657
31079837
30934912
31097267
30962488
30557681
30917803
30694729
31107884
30974893
30974233
30884120
30688878
30738715
30588106
30856373
30561793
31025269
30983514
30820496
30979686
30719195
31112051
30611309
30496232
30950241
30535551
30637053
30498095
30670815
30840735
30618757
30537493
30556153
30709369
30659031
31078521
30661232
30604386
30863105
30971146
30948930
30678289
30548198
30778742
30583041
31097597
30980640
30535248
31091800
30680976
30591102
30588356
30911948
30835824
30514584
30575816
31089359
30508204
30607482
31083670
30546143
30552112
30604728
30767226
30538865
30759745
30594749
30711954
30830867
30683032
30733494
31030489
31103013
30542378
30984648
30787054
30516102
30705933
30915240
31060454
30968114
30932296
30708063
30804365
30650356
30893313
30666026
30867563
30497929
30803422
31002529
30932358
31074516
30905819
30938061
30535958
31072694
30521744
30920963
30856036
30979960
30740360
30938431
30608622
31049361
30802213
30946086
30678431
31115525
30881020
30967649
30691722
31105355
30996792
30502219
30517763
30661182
31007814
30536880
30867374
30506843
31115853
30755598
30692216
30742123
30617282
31098795
31008565
30854046
30942715
30693305
31118201
30706408
30976844
30795949
30786842
30894606
30593154
30968962
30914550
30980249
30633986
30687628
30845749
30726323
30488667
30626212
30737665
30832465
31036468
30888473
31023863
30982222
30664689
30537744
30785914
30666539
31068263
30869510
30662793
30570850
30955317
30810866
31001839
31093668
30547773
31005809
30964153
30854961
30992191
30577537
31095454
30859548
30887287
30800639
30673703
30813596
30620672
30982358
30607154
30810051
30640711
30946989
30817164
30972867
30959160
30514362
30894505
31040372
30728004
31101028
31119911
30805301
30624093
30852233
30619511
30711929
30710716
31118087
31040208
31092106
30753827
30721110
30748011
30642295
30543141
30974402
30720033
30950057
30998679
30863064
30936295
30714537
30705400
31028693
30917887
30863737
30655216
30520757
30920602
31055179
31116586
31103449
30619353
30511789
30621480
30969950
30844031
30534449
30706224
30797696
31040717
31028212
30658105
30553871
30581537
30654824
30980572
31082216
31004703
30874872
30891308
30993330
31064951
30679318
30589200
31036035
30812988
30591462
30544025
30538458
30583347
30655738
30769266
30666022
31103280
30814109
30707756
30974047
30510420
30796839
30739736
30940664
30959483
30771581
30627061
31088410
30771549
30986506
31029218
30554666
30876409
30662330
31022310
30820547
31019765
30772480
30488344
30622283
30972917
31019214
30922380
30822606
30793308
31098800
30895811
30676608
30678390
30700929
30728670
31032225
31067706
30598022
30625021
30783203
30911270
30978484
30823602
30914611
30912981
30712605
30909680
31054033
30822622
30666159
30967156
30564467
30755579
30756326
30916974
30720123
31029154
30520982
30525207
31075076
30714530
31029906
30854136
30734507
30603202
30581541
31060375
30718008
30633152
30535552
30696351
31034094
30515261
30674473
30569097
30639369
30514273
30767432
30706838
30595754
30877468
31115714
30530496
31082851
30587729
30518498
30940775
30944147
30962044
30869742
30557203
30803190
31010603
30675514
30906409
30523500
30582752
31099456
30951993
30712460
31005170
30810557
30724980
30924126
31017799
30898710
30598239
31099446
30842152
30546831
30998664
30800873
30764630
31118443
30584260
30612562
30790386
31063534
30525503
30675127
30509108
30774867
30827453
30792005
30810909
30636189
30542717
30769265
30655891
30772490
31092851
30888580
30673589
30501932
30639093
30843495
31000068
30504368
30510494
30618284
30573992
30982257
30506111
30694768
30600423
31060593
31018595
30532095
30984067
30624595
31012737
30685592
30666921
31053405
30854049
30760227
30783519
30686564
30881133
31078732
30624764
30564557
31085991
30755715
30488223
30559148
30956603
30488799
31085453
30609375
30770368
30543571
30988810
30889716
30755531
30746756
30953273
31049960
31035435
31056957
30988749
30990294
30618455
31021596
30632891
30918536
31100057
31116976
31073973
30817637
30656540
31041825
30930461
30501015
30930631
31056267
30797898
30525447
31080749
30921768
30875375
30783204
30689707
30692411
30605854
30892486
30663404
30799686
30872337
30980508
30519308
30486550
31001647
30487132
30730783
30588093
30788286
30728319
30679344
30816935
30785647
30607124
30940572
31043825
31036756
30881493
30934991
30642312
30786200
30572910
30937118
30934935
30760580
30670149
30884823
30498302
30701385
30706358
30737668
30822312
30516672
30495920
30520954
30677065
31063080
30902366
30854682
30803129
30646589
30856152
30532984
30653951
30975222
30872384
30661949
30909179
30805306
30502293
30622337
31028608
31035013
30781490
30894572
30914608
30687626
30526091
30691094
30982660
30838840
30914799
30503310
31009501
30594181
31076276
30997595
31013055
30760301
30489499
31119709
30779852
30864702
30672063
30659696
30996079
31119568
30917321
30696894
30514916
31006164
30962690
31087564
30488343
30545254
30963401
30596643
30957062
30511433
30675319
30811755
30489557
31007982
30657346
30652258
30808784
30771865
31109072
30682793
30616419
31019808
30503850
30657534
30904139
31094913
31062902
30707944
30719659
30504381
30593138
30580523
30864873
30822571
31109259
30717836
30991355
31079419
30897929
30863498
30779084
31031555
30930700
30515568
30509049
30623283
30993899
30920152
30907518
30546466
30790382
30977016
30718673
30975774
30678429
30998427
30635009
30557652
30787268
30729473
30950444
30692360
31109399
30890523
30506911
30943437
30651219
30719586
30670769
30719656
30964172
30489501
30878390
30884341
30971544
30677497
30645156
31113934
30584610
30940702
30942651
30679159
30544145
30559846
31062847
31006098
30548721
31009240
30672844
30823844
31008449
31047804
30696936
30561795
30933365
30489605
30659843
30636104
30816297
31008899
30855709
30924216
30690714
31020470
30511210
30898935
30761674
30962956
30538109
31031969
30661226
31086652
31046897
30659290
30873385
31059104
30929569
30881504
30941239
30737233
30984617
30711976
30696646
30532569
30711913
30489517
30963076
30607168
30963461
30643452
30628639
30633621
30734520
30959525
30892594
30952982
30807798
30581319
30945619
31096209
30624682
30623936
30707555
30618122
30665715
31112710
30986100
30965009
31106287
30880473
31002949
30833558
30887164
30641320
30626375
30537154
30899086
30794884
30787448
31040755
30834239
30683851
30534508
30610367
31041684
30648987
30863971
30723576
30533987
30653098
30952516
31019196
30787876
30867924
30534815
31065485
30823843
30765259
30873822
30887497
30570503
31099189
30555223
30869123
30826225
31067749
30737616
31013327
30868270
30558247
30541634
30918606
30989718
30662797
30621694
30972769
30625566
30498206
30769227
30717943
30591495
30916759
30852424
30926158
30933828
30558666
30613631
30544666
31098780
30684594
30827748
30689703
30936719
30813337
30796863
30940493
30928088
31119859
30586131
30813562
31095726
30854249
30854088
30664270
30683317
30621441
31010839
30730081
31033815
30624606
30628678
30698686
30782445
30611832
30551406
30850122
30860199
30865217
30563931
30737284
30788626
30787983
30584354
31035718
30899591
30820912
30570854
30799084
30976685
30715173
30673970
31092419
30888933
30559619
30594771
30488207
30746393
30863465
31001629
30941321
30988298
30577820
30605747
30982255
30554083
30890279
31018945
31062280
30937656
30739644
30677011
31034805
30961553
30939856
31007849
30578205
30777098
30723043
30662405
30847505
30574866
30791739
30864434
31012968
30611858
30692072
30902760
30883634
30622242
30963212
30618092
30795886
30815022
30972837
30912182
30779258
30941230
30647871
30737615
30845109
30603995
30564935
30860570
30619734
30703391
30642448
30489546
30803209
30787131
30856155
31011573
30940212
30732191
30601269
31063745
30692323
30771551
30994985
31076498
30851825
30813488
30647707
30630524
30713591
30987708
31030506
30859043
30850015
30680276
30995757
30617720
31004874
30537512
30622927
30737920
30927387
31069129
30928901
30648995
31000080
30635737
30665017
30726467
30597138
30988621
30488655
30850903
30684159
30806631
30744593
30683141
30937972
30521041
30572269
30545017
30709648
30884306
30999723
30963439
30632783
30846408
30745257
30889086
30555458
30563489
30846407
30636772
30847174
30651582
30531835
30859501
30774110
30577793
31009625
30824542
30747308
31088723
31016820
30889652
30579980
30815851
30783922
30935887
31092724
30891679
30929951
30661072
30798072
30488557
30736840
30837102
30709340
30678988
30799775
30982573
30871166
30788324
31077239
31029376
31110416
31062625
30648522
30875152
30819139
31023265
31119206
31062206
30603999
30693787
30904278
30625182
31082272
30601533
30904827
31018947
30884858
30744078
31043221
30800040
30546090
30595415
30506138
31119566
30925164
30505810
30768779
30971746
30819495
30843155
30928878
31022444
31085050
30756331
30992642
30957048
30732167
30697072
31003658
30616526
30678439
30567351
31111958
30846327
30745320
30607165
30616168
30717602
30806847
31044711
30828246
30594178
30873710
30588640
30804457
31009708
30487333
30657111
31065870
30852371
30980596
31063493
30760061
30582225
30941231
30810078
30705084
30510456
30514249
30810005
30864511
30926637
30525098
30623607
30860605
30743205
30927961
30540971
31100572
30738200
30620624
30606544
30496005
31040267
30628063
30548720
30664171
30939131
30672161
31017314
30692633
31102648
30513816
30610781
30691485
31119903
30655846
30950133
30577946
30670536
30806788
30681622
30996782
31063757
30598093
30815938
30577720
30531400
30786836
30753274
31069137
30607672
30763245
30636366
30761181
30704127
30783351
30993425
30785712
30671412
30538543
30827868
30775237
30486607
30640712
31097752
30622367
30584277
30716792
30985684
30967992
31002322
30860867
30843494
30697286
30947677
30677445
31092827
30601772
30907562
31011507
30891425
30597481
31096601
30729271
30654182
31043383
30962250
30881302
30799572
30840280
30522015
30623293
30652957
30746818
30729453
31101952
30732675
31070457
30989462
30585518
30845378
30506730
30597206
30937279
30606575
30665864
30914553
30803949
30870810
31113820
30937266
31062209
30692436
30887570
30898700
30645766
30883140
30863154
30582377
30642944
30548923
30697064
30844692
30938625
30655615
30755820
30867769
31109081
30914582
30912451
30624581
30679781
30917095
30787128
30905325
30508184
30499190
30612315
30734137
30962499
30999294
31000088
30500455
30942251
30601079
30886656
31106005
30931364
31034648
30894110
31003042
31083574
30810870
30868934
30739743
30762225
30816243
30543762
30722111
30844573
31033513
30943126
31049030
31044704
30647551
30822350
30973611
30985674
30521417
30929162
31097517
30774359
30967542
31012034
30700827
31101119
30645591
31020469
30497300
31057308
30638768
30976053
31046885
31101445
30826763
30688910
30568030
30520511
31104132
30684148
30589770
30737779
30692636
31105998
31064130
30788093
30651600
30977389
30860573
30924334
30574210
31025094
30572045
30713370
30760648
30567257
30675102
30895533
30611645
31105051
30849593
30917793
31068619
30702584
30790130
30487967
30593673
30610011
30500870
31020479
30540208
30881034
30646914
30713070
30511408
30646163
30937987
30981740
30673299
30867729
30558621
30701328
31009281
30782666
31099651
30576871
31069662
30940420
30563983
30955172
30686716
30902380
30992682
30734014
31048129
30926576
30697290
30820345
31060229
31069319
30883759
30817902
30916907
30621656
30985703
30834504
30607169
30613307
30982780
30920605
30496814
31054897
30914410
30942373
30680689
30658629
30626705
30854446
30814491
30756278
30962858
30692456
30688672
30576939
31050709
30789301
30885232
30914551
30871017
30783387
30737902
30816273
30825641
30942353
30861443
30787968
30596276
30656538
30587936
30527856
30641222
31083221
30955681
30961598
30936748
30768784
30596110
31062229
30875269
30944146
30856428
30543312
30627960
30970511
30787621
31121040
30842661
30488855
30982195
30834994
30847728
30555230
31063441
30766885
30727890
30867840
30967373
30973715
30974896
30957209
31031003
31107507
31039272
31076368
31092862
31053520
30909585
30516508
30640376
30739313
30627022
30565469
30700828
30850950
30508853
30739744
30634614
30731014
31011870
30666540
30991934
30657942
30636976
30774684
31079318
30748004
31119567
30541334
30600703
30923126
31101597
30950804
30872077
30789349
30963664
30698728
30676778
30565510
30682661
30655533
30518853
30625206
30909983
30555634
30856610
30551670
30620388
30562627
30833811
30655566
30636640
30513476
30664602
31004923
31015118
31087768
30792813
30661659
30716524
30767724
30717941
30800128
30651544
30670682
30627961
30928411
31102024
30550358
30847730
30938978
30694978
30837881
30690424
30564969
30583335
30547203
30911434
30662615
30966615
30834871
30678061
30496607
30867775
30965658
31037764
30709557
30498642
30567054
31059004
31037379
30739240
30527534
30520096
30834506
30862570
30606360
30584366
30538396
30711953
31087799
30999866
31092235
30638386
30867564
31061432
31077484
30740151
30697993
31040898
31031043
30741723
30958326
31060537
30511901
30880825
30541774
30535478
30987271
30877870
31087274
30676782
30720466
30560509
31017262
30644318
30955268
31003933
30808621
30575565
31093516
30999849
30690900
30921112
30570851
30737217
30723584
30848227
30582550
31087459
30756284
30881572
30666215
30643646
30791374
31044102
30707682
30489497
30501643
30502783
31014267
30957499
31043633
31019437
30872619
31016433
31117035
30559805
31035019
30829071
30551262
30660828
30941541
30556532
31114313
31032117
31023263
30873542
31085365
30638277
30864286
30536609
31044590
30597213
31049822
30772606
30898703
30739244
30925635
30581487
30747221
30719176
30835039
30515372
30925929
31096934
30786903
31023270
31023619
30566206
30858929
31078166
30846409
30529406
30515698
30854055
30854067
30713371
30755557
30541317
30498419
31028831
30655946
30803933
30935295
30843007
30556371
30555735
31061097
30859840
30918738
30603200
30589774
30658268
30714168
30606073
30755250
31115547
30773054
30742484
30877487
31053786
30690690
30607594
30532556
30910845
30584278
31039828
30818051
31069103
30692635
30941951
30675231
30987200
30657766
30718660
30572805
30523750
31090930
30805213
30725481
30881825
30891606
30796835
30737173
30698830
31056713
30733628
30957063
30486547
31065306
30740671
30709954
30734420
30646043
30499025
30607160
30535020
30903937
30539453
31069826
30928514
30560085
31062660
30596752
31006835
30690687
30572639
30917682
30747211
30864891
30872652
30510097
30579133
30567326
31060334
30535094
30608591
31006518
30574153
30849005
30575334
30806579
30896247
30988345
30694562
31066002
30905450
30783638
30504369
30901969
30600318
31114357
31056784
30890774
30614109
30816361
31051411
30847396
30905007
30844143
30684532
31082763
30814840
31066919
30659128
30776589
31015834
30965671
30941242
30869998
30868652
30497427
30846710
30587740
30515709
30670028
31004298
30847841
30741949
30589983
30653259
30581704
30977239
31017268
30848190
30736435
31079715
30662646
31104535
30969906
30915274
30668630
30943372
30992681
30867566
30626087
30587150
30523234
30804480
30830381
30659272
30914612
30687767
30840165
30703463
30650411
30902088
31008920
30807234
30885926
30741644
31032432
30737623
30712236
31103572
30806909
30582603
30968367
30961556
30554099
30552643
30928382
30590402
31067718
30819450
30763181
30679317
30488861
30513889
30506513
30817632
30816475
30978340
31067584
31073992
30713804
30939983
30867772
30768589
30786922
30831020
31011324
30893818
30741585
30941320
30842240
31103852
30826563
31033460
30644946
30723913
30999280
30673828
30774307
30700300
30648917
30889376
31011669
31044053
30996295
31001849
30777496
30928932
30655558
30932279
30518876
30679544
31119806
31006248
30802214
30945381
30746510
30654677
30531691
30914052
30739322
31049460
30973854
30701699
30997445
30678711
30931555
30803556
30998483
30573319
30620009
30590993
30732944
30504370
31048026
30570879
31088482
30857956
30488416
30628646
31086017
31064782
30541216
30532993
30792990
31106150
30920126
30659124
30675215
31059974
31036845
30718092
30617924
30967944
30569127
30837876
30615901
30489524
31062495
30850729
30720861
30538451
30947706
30795624
30924664
30770752
30790047
30764831
30746283
30672098
30988278
30855698
30683880
30598363
30680514
30672117
30723742
31090264
30622340
30736096
30827448
30877488
30984247
30852142
30684192
30489256
31072911
30653559
30546258
30684468
30739928
30572612
30630633
30910767
30900271
30591447
30658511
30934535
30925170
30612961
30672045
31100099
30692378
30719135
30710175
31086376
30546434
30732163
30957884
30739442
31004329
30617433
30570055
30591591
30817097
30564995
30834808
30877499
30800223
31077166
30804141
30615587
30854076
30714257
31020993
30607633
30511466
30664635
30853648
30715404
30857771
30903520
30685396
30824523
31100306
31087176
30733298
30903404
30921201
30787463
30570888
31025516
30618758
30830649
30815430
30782113
30793491
30819235
30643455
30698050
30594967
30789707
30787278
30967597
30921758
30654105
30912515
30696639
30912649
30950443
30602513
30878132
30535335
31088341
30707839
30902638
31030495
30560443
30784287
30712099
30874463
30568923
30662548
30820989
31003463
30501594
30545388
31032639
30581198
30555022
30678106
30697867
31081056
30707960
31043378
30655781
30692372
30855484
30563058
31024845
30758315
31074865
30558287
30799199
30733560
30698683
30684530
30631154
31068808
30580187
30868751
30697755
30730497
30792814
30937657
31119166
31033164
30827924
30872562
30802224
30588304
30975473
30842986
30916446
30540032
30640535
30815593
30856685
31000217
30496219
30529751
30667325
30601265
30952631
30941643
31100617
30844769
30692377
30638068
31076561
31005243
30802822
30918283
30660501
30697969
30944014
30817638
30833639
30807260
30990566
30904908
30773186
30837593
30734421
30887933
30952444
30885777
30634453
30633201
30993779
30588087
30680208
30899449
30689998
30769133
30762822
30899627
30785226
31106156
30745040
30969807
30551470
30837324
30788247
30612239
30982934
30643743
30680267
30619456
30678073
30821698
31087297
30791958
31114446
30729053
30606148
30924231
30632859
30716094
30729449
30889783
30533598
30927074
30915341
30594072
30729334
30679388
30486373
30938091
30789630
31059026
30592683
30945497
30730202
30819144
30767754
30610270
30847727
31076101
30910839
30705367
30693152
30773990
31032134
30739312
30634084
30591548
31016756
30947898
30959467
30776176
30995668
30982096
30851350
31041496
30584335
30537057
30998754
31077237
30559443
30900501
30915311
30915922
30747591
30743225
30905816
31099163
30777072
30714472
30867762
30672356
30589832
30736983
30843116
31047637
31012486
30643118
30606090
31107186
30867590
30604001
30652610
31107629
30725419
30913029
30723582
30558288
30699499
30638451
31032992
30940625
30655848
30505850
30513041
30842922
30505766
30922194
30756323
31098992
30905715
31079851
30995345
30758268
31106191
30538083
30914544
30877405
30781715
31066151
31041737
30771872
31110002
30488853
30506952
30642362
30604734
